-2.607539052521133272e+03
-2.409898610662031388e+03
-2.281932440811509878e+03
-2.263932917646427995e+03
-2.174588822334739234e+03
-2.117124477073723028e+03
-1.984876224833132255e+03
-1.909286575159080712e+03
-1.863123098055465107e+03
-1.827346037687321314e+03
-1.773454107632069963e+03
-1.693029975115863635e+03
-1.691777811521646527e+03
-1.658918449620102592e+03
-1.598927521446247283e+03
-1.551204396502087320e+03
-1.515982994612298171e+03
-1.512091885921706307e+03
-1.456426288322441451e+03
-1.449236829726677115e+03
-1.432184230210119495e+03
-1.419659766277843119e+03
-1.377619186810535439e+03
-1.362782861808679172e+03
-1.338236241315507186e+03
-1.326220986376831661e+03
-1.318503681054871549e+03
-1.302126829371047961e+03
-1.287057687844751399e+03
-1.280963446322857862e+03
-1.257725838297885048e+03
-1.253726889476186443e+03
-1.248067372156110650e+03
-1.234837366211704193e+03
-1.234970220672851838e+03
-1.227747170920893723e+03
-1.203802970214590005e+03
-1.212701354201615459e+03
-1.191168438423525458e+03
-1.193399758912956941e+03
-1.190159864076566464e+03
-1.179517546694801922e+03
-1.180620561920585033e+03
-1.167544424350585814e+03
-1.168255205935931826e+03
-1.166887336328147285e+03
-1.159420588843206588e+03
-1.147966435737038410e+03
-1.155929868578946980e+03
-1.145558167691393237e+03
-1.146317613628235222e+03
-1.140198320409397866e+03
-1.143078317876137817e+03
-1.134958779524947204e+03
-1.127921556372099985e+03
-1.126002680093997014e+03
-1.126987230122928622e+03
-1.125266680209511151e+03
-1.119613505120416448e+03
-1.116452216492904654e+03
-1.119448856559689830e+03
-1.127563512606851873e+03
-1.115503097264239841e+03
-1.108471861229072601e+03
-1.111183057515392420e+03
-1.119871955452200837e+03
-1.104286864838720703e+03
-1.102708906045724007e+03
-1.105949768068608591e+03
-1.104233757414918045e+03
-1.104581407724102064e+03
-1.108234000832751235e+03
-1.106809543796446860e+03
-1.103600059113351108e+03
-1.102834655434870001e+03
-1.096734904541657443e+03
-1.094426588719130905e+03
-1.102020181108623774e+03
-1.094972251356178731e+03
-1.100697458772163372e+03
-1.096771771758234763e+03
-1.097249331052662910e+03
-1.087626876040136040e+03
-1.095305031936944943e+03
-1.096679193374170609e+03
-1.090339133098501179e+03
-1.091678804787250783e+03
-1.098667670373943338e+03
-1.091032968089288715e+03
-1.091790778104232004e+03
-1.086792142859627802e+03
-1.085228549003786156e+03
-1.092852974350508475e+03
-1.088152575110352700e+03
-1.091044125298732069e+03
-1.091821229005202440e+03
-1.085792362419740584e+03
-1.077871004840655132e+03
-1.077047471172449605e+03
-1.080093009672656081e+03
-1.090221918756039486e+03
-1.081089815410389065e+03
-1.083315692522229028e+03
-1.084452394457166520e+03
-1.087230581572423489e+03
-1.084353364905004128e+03
-1.079443045058096914e+03
-1.083429986455790413e+03
-1.080684275037104044e+03
-1.074489929991539157e+03
-1.085951197880948939e+03
-1.085072895312922810e+03
-1.076506612082936272e+03
-1.080716974722424766e+03
-1.082655952260397498e+03
-1.075129924880608314e+03
-1.076925534081169644e+03
-1.076503124132916355e+03
-1.077133986889979042e+03
-1.081283544321325280e+03
-1.079644957403451826e+03
-1.075259941594066504e+03
-1.080242974295408658e+03
-1.075061287199612934e+03
-1.077733582765084066e+03
-1.075888978736017179e+03
-1.074307212290006419e+03
-1.074709882086445759e+03
-1.078615769517369927e+03
-1.074745516118662636e+03
-1.073981151267386167e+03
-1.082656985910795811e+03
-1.075479896949792874e+03
-1.075676326542503602e+03
-1.069073978502806540e+03
-1.078752563125804954e+03
-1.072511215914860486e+03
-1.068750690707929152e+03
-1.081114763820784447e+03
-1.073829358779448739e+03
-1.067782303013704677e+03
-1.073616493808329778e+03
-1.080983253797219277e+03
-1.068283907991884234e+03
-1.072988010416278485e+03
-1.070185574523426112e+03
-1.065118423381346929e+03
-1.072322006967116522e+03
-1.074161145073095440e+03
-1.074226751814926729e+03
-1.062018598112477548e+03
-1.070539111390204198e+03
-1.063949999002499226e+03
-1.069122890508022238e+03
-1.077471711266013244e+03
-1.076360586387506373e+03
-1.062881876464241714e+03
-1.061671868074606891e+03
-1.076398728882189516e+03
-1.071062379664376977e+03
-1.067745260738982552e+03
-1.074996438238659039e+03
-1.065931044756670644e+03
-1.072485495283745877e+03
-1.064599135767383814e+03
-1.069062023889534885e+03
-1.066580237294232120e+03
-1.064376418303280616e+03
-1.069229587531886864e+03
-1.066676283271104012e+03
-1.064427821855844513e+03
-1.064314935977826281e+03
-1.061348840061368037e+03
-1.064714027431176419e+03
-1.069908767898540873e+03
-1.061595595184586728e+03
-1.063447689654144597e+03
-1.063005035500278382e+03
-1.073562346149241421e+03
-1.066986038489632847e+03
-1.070211189347088748e+03
-1.068930889613061709e+03
-1.063747803518134560e+03
-1.066495712428518118e+03
-1.065639226140090386e+03
-1.072923899693566455e+03
-1.066904782278457333e+03
-1.066725611188318226e+03
-1.063297840865529679e+03
-1.065411574722856130e+03
-1.064732123991121625e+03
-1.064118298696282636e+03
-1.064711778115442030e+03
-1.066159514516654326e+03
-1.064121830169185159e+03
-1.060349972694529242e+03
-1.059112467432477388e+03
-1.067001417131704784e+03
-1.059311365361101707e+03
-1.068521110375818807e+03
-1.066223692960485323e+03
-1.066871770361170093e+03
-1.057665233088122250e+03
-1.064598844774511690e+03
-1.068313747464520247e+03
-1.062240318667037400e+03
-1.060040614418068344e+03
-1.061045981670177753e+03
-1.060494073293685915e+03
-1.056460476064637305e+03
-1.062159940760703421e+03
-1.064970562669918536e+03
-1.059984554195720193e+03
-1.067698240347248202e+03
-1.066164700492045768e+03
-1.060138906694311572e+03
-1.054110299305641547e+03
-1.062095179738245633e+03
-1.060231520603640547e+03
-1.067143874264779015e+03
-1.061025573222470257e+03
-1.054830076382921334e+03
-1.056223704959043744e+03
-1.057939495331760099e+03
-1.066016250370585567e+03
-1.064431000542464972e+03
-1.058214431980579320e+03
-1.065284433024029795e+03
-1.057803405240558504e+03
-1.059125894215117796e+03
-1.057354902289049278e+03
-1.063093445915037591e+03
-1.058576365223131461e+03
-1.054555289076984764e+03
-1.062482024852114591e+03
-1.055485805759002005e+03
-1.057717952337835186e+03
-1.058667834426408945e+03
-1.058642138365582014e+03
-1.058049348411104575e+03
-1.051570628784138080e+03
-1.058656022010660536e+03
-1.056116846336034541e+03
-1.058366128766380143e+03
-1.054137000835756908e+03
-1.056350025601078414e+03
-1.054784830122793437e+03
-1.058837049131127060e+03
-1.052315492202532596e+03
-1.054854368321466836e+03
-1.056714928948282932e+03
-1.053539673272449591e+03
-1.050322199224200176e+03
-1.061123274083304523e+03
-1.058144366257490219e+03
-1.051687389127405822e+03
-1.049076746614072817e+03
-1.056871384936393497e+03
-1.054196572775347022e+03
-1.053029195487728884e+03
-1.051559205870468759e+03
-1.047646147713660866e+03
-1.054483775176183144e+03
-1.056899491073926356e+03
-1.056760329975683817e+03
-1.055034214513445477e+03
-1.054652059545310976e+03
-1.046073496303552247e+03
-1.060575723046224311e+03
-1.051864789939261982e+03
-1.048625175535383732e+03
-1.049302678661201753e+03
-1.050226983731230121e+03
-1.050679960247108284e+03
-1.053025084650876352e+03
-1.047556873257992493e+03
-1.050927942463813451e+03
-1.053307605576364267e+03
-1.054574937949664900e+03
-1.048706660622949357e+03
-1.050495973205156815e+03
-1.049081311720249232e+03
-1.048615556867810255e+03
-1.054397352542092449e+03
-1.050625370100096688e+03
-1.052789432589836451e+03
-1.060452909574808018e+03
-1.048073464960927822e+03
-1.049561064381925462e+03
-1.047896870497881309e+03
-1.050792143333044351e+03
-1.050954196332481615e+03
-1.052601936428338377e+03
-1.051877241443874482e+03
-1.048375799990292080e+03
-1.046614807130055397e+03
-1.043976853169204560e+03
-1.055717949395187816e+03
-1.046340439004594373e+03
-1.044864463513599276e+03
-1.054499474418936416e+03
-1.044928792242269310e+03
-1.052810486884655575e+03
-1.052768289322959390e+03
-1.047302778290082188e+03
-1.052502371399868935e+03
-1.044451930751060218e+03
-1.041047033587113901e+03
-1.051110790670034930e+03
-1.043751720634068079e+03
-1.044781045436157910e+03
-1.049208302692586585e+03
-1.047071206943037851e+03
-1.048227667576381236e+03
-1.052532958108234197e+03
-1.044580302765584975e+03
-1.048228102083422755e+03
-1.039096040011357445e+03
-1.045428495162833542e+03
-1.036826298666511320e+03
-1.047443396513945345e+03
-1.046259038405754836e+03
-1.045942607753172524e+03
-1.044323798510416282e+03
-1.038853166547375849e+03
-1.047192453534968308e+03
-1.044751844109439617e+03
-1.040770908959766302e+03
-1.043554466469801355e+03
-1.055022742765248722e+03
-1.051991070338585814e+03
-1.041711664439972765e+03
-1.047237758251849982e+03
-1.048134535819210669e+03
-1.040235021968682986e+03
-1.039007226355512103e+03
-1.041625021769741124e+03
-1.042008465608447978e+03
-1.049315500822324339e+03
-1.043341766231773590e+03
-1.046607733358730229e+03
-1.042981433631804293e+03
-1.046324133842665788e+03
-1.037709629610824095e+03
-1.038698510863400770e+03
-1.046216321748366454e+03
-1.035539982898882727e+03
-1.040676102357874470e+03
-1.041461724099516005e+03
-1.035859132321196739e+03
-1.038195203704107598e+03
-1.043019160057822774e+03
-1.043774261040406600e+03
-1.043135358707550495e+03
-1.038949530905816573e+03
-1.046441304019192785e+03
-1.036871903024520179e+03
-1.038444305657896166e+03
-1.038445632953608538e+03
-1.046059843874385706e+03
-1.037033068175016524e+03
-1.039042284781257194e+03
-1.037047583095045866e+03
-1.039831629797706228e+03
-1.035226751144417676e+03
-1.042926666291163428e+03
-1.039901152648353673e+03
-1.042212312615258043e+03
-1.036282916287415901e+03
-1.035715521212375052e+03
-1.040007360891614553e+03
-1.046901237961064453e+03
-1.036498818859983203e+03
-1.035087337025233410e+03
-1.042198491833034268e+03
-1.040762246790268819e+03
-1.037146359313809853e+03
-1.038963461626761728e+03
-1.039156960354690227e+03
-1.032768160627672387e+03
-1.038897706045422638e+03
-1.041011536254233533e+03
-1.034285749176478248e+03
-1.033284267135887831e+03
-1.040202256136798042e+03
-1.035582792611648074e+03
-1.036313640631238741e+03
-1.035321907587990836e+03
-1.033409339781978588e+03
-1.034955356655128298e+03
-1.033675152723215888e+03
-1.043144552354118332e+03
-1.037831952224059023e+03
-1.039933158306017958e+03
-1.037502112956085739e+03
-1.029760733849119561e+03
-1.039800334453079586e+03
-1.040473338448055074e+03
-1.040462991622318896e+03
-1.036974835756968787e+03
-1.035982109229140860e+03
-1.037836329692735717e+03
-1.031675971413215620e+03
-1.034656933301651861e+03
-1.036784738171759727e+03
-1.035638414172991361e+03
-1.033812914415087789e+03
-1.041079464143280802e+03
-1.037680827006962318e+03
-1.031592114387544598e+03
-1.034479383633929046e+03
-1.031266631520977398e+03
-1.033979780826886326e+03
-1.037814679074263267e+03
-1.033855344282156693e+03
-1.041125021164576083e+03
-1.035992457930179853e+03
-1.032563380594784576e+03
-1.041627207418326407e+03
-1.035192728733291233e+03
-1.032443846264176727e+03
-1.033037805083953117e+03
-1.029931331820875357e+03
-1.038451837713644636e+03
-1.030483641707999595e+03
-1.037539550892677198e+03
-1.030460581516745606e+03
-1.035965539975786669e+03
-1.038384940348444388e+03
-1.034509492928590817e+03
-1.029403321736074076e+03
-1.033079268268807709e+03
-1.025613870885707911e+03
-1.032723362075016666e+03
-1.034637166015428647e+03
-1.032814461253891295e+03
-1.030034467734539476e+03
-1.032928462658326680e+03
-1.029150387219234517e+03
-1.037069892030962137e+03
-1.030681847219051406e+03
-1.028781501283996931e+03
-1.028801106750727286e+03
-1.032238563368329096e+03
-1.023675513221414690e+03
-1.033973336408550040e+03
-1.030388558070712179e+03
-1.027164941598855648e+03
-1.032850508708491816e+03
-1.033215445874776833e+03
-1.029618523426462161e+03
-1.035278444579403640e+03
-1.028294768778772777e+03
-1.031681014598812226e+03
-1.034909351723813643e+03
-1.025126206381380598e+03
-1.028292994192207743e+03
-1.024655497959907734e+03
-1.035599823244461277e+03
-1.029340388161494957e+03
-1.028767777989212391e+03
-1.029897701306783347e+03
-1.030640014268554978e+03
-1.026290491193924026e+03
-1.030368442398533944e+03
-1.018190690309603383e+03
-1.033448972367210899e+03
-1.027291223104223718e+03
-1.023429672665465546e+03
-1.033701843775540056e+03
-1.025997064090223603e+03
-1.030067932193811430e+03
-1.027637028429193151e+03
-1.035519364725410924e+03
-1.030439566331037213e+03
-1.030894695002213894e+03
-1.035525214507081955e+03
-1.030347178740669960e+03
-1.031339982918482747e+03
-1.033485292228001981e+03
-1.022555470670207683e+03
-1.025886745293788863e+03
-1.037973718750296484e+03
-1.032536875814679661e+03
-1.033137384638330786e+03
-1.027166699369817934e+03
-1.034028366951011776e+03
-1.029928900289008425e+03
-1.025727550958467418e+03
-1.030369113011387526e+03
-1.031127018177801347e+03
-1.030117151176551261e+03
-1.028514515640631089e+03
-1.021212806275691491e+03
-1.028592062679675109e+03
-1.032662135482029953e+03
-1.022513590258685099e+03
-1.025216751466598907e+03
-1.026894657619407099e+03
-1.034599875877295972e+03
-1.023167243244141332e+03
-1.024651699990616180e+03
-1.034996726012670251e+03
-1.024130545947844894e+03
-1.024005863419985644e+03
-1.030717347192185116e+03
-1.033363237696301667e+03
-1.029395093939017215e+03
-1.027283099397986234e+03
-1.026700652030529682e+03
-1.024795229945364326e+03
-1.022615373938792459e+03
-1.028573809471828099e+03
-1.025311234194218741e+03
-1.022594694334013411e+03
-1.025001024352176501e+03
-1.021687274764643234e+03
-1.021386833853118560e+03
-1.031820826760445925e+03
-1.022688248715499185e+03
-1.027718472834635577e+03
-1.031999857885261008e+03
-1.030188247159939237e+03
-1.025118549945828818e+03
-1.029942847061546900e+03
-1.026972231804300918e+03
-1.020710451200968009e+03
-1.026935757726854263e+03
-1.023176709372197593e+03
-1.025362737676014831e+03
-1.024044755066079006e+03
-1.032036556897312721e+03
-1.021938978864839100e+03
-1.023290606655758779e+03
-1.020152328916586612e+03
-1.023532794222446682e+03
-1.021671865149105543e+03
-1.021958065303362218e+03
-1.020817462438940538e+03
-1.019427793373345139e+03
-1.025976165121707254e+03
-1.019053671445072609e+03
-1.029379242078950028e+03
-1.023837438076393482e+03
-1.028058173559667694e+03
-1.024525677937630689e+03
-1.023166739998911339e+03
-1.021979784501369636e+03
-1.025751067057670525e+03
-1.025883905811167551e+03
-1.027892242575325326e+03
-1.028703269738848576e+03
-1.017142068477161160e+03
-1.022582723882631399e+03
-1.026938950481220900e+03
-1.026127346692703213e+03
-1.021359978532599143e+03
-1.019295741908825107e+03
-1.024083543092438276e+03
-1.019940361494436956e+03
-1.024695814098976598e+03
-1.018457851751995690e+03
-1.021899278681405690e+03
-1.020759253475410105e+03
-1.020873332864076815e+03
-1.021989820655945323e+03
-1.023742033726132831e+03
-1.021756161014196095e+03
-1.020699388894909475e+03
-1.027669389690325033e+03
-1.023727679303303375e+03
-1.017492802694690681e+03
-1.023763033642428809e+03
-1.021687812243072131e+03
-1.020424481741405771e+03
-1.027635218565295872e+03
-1.020583000710261899e+03
-1.030093807876826986e+03
-1.024978271818060193e+03
-1.028943072242455628e+03
-1.022491542807229848e+03
-1.031387942181840117e+03
-1.021787924941840970e+03
-1.022201134677642244e+03
-1.022459145738311690e+03
-1.027516678324508348e+03
-1.020659581505800361e+03
-1.015765141106376063e+03
-1.020535850273738106e+03
-1.027136848110182427e+03
-1.024799481084753097e+03
-1.018619729854870002e+03
-1.024916665307120638e+03
-1.016532745944431554e+03
-1.018348569263836225e+03
-1.022983518039076444e+03
-1.020084196143791587e+03
-1.029805903607060145e+03
-1.020402822635556504e+03
-1.021642686392859332e+03
-1.013410972792442408e+03
-1.022970063159510801e+03
-1.020774861500853376e+03
-1.026178478622628518e+03
-1.026974602692356939e+03
-1.011475832959893978e+03
-1.026342866157395292e+03
-1.019396593428604206e+03
-1.021534289378909648e+03
-1.019531369033268220e+03
-1.024973179724175225e+03
-1.020880824482580465e+03
-1.030530239433466932e+03
-1.018126235918211250e+03
-1.025094262540859063e+03
-1.026432503136820287e+03
-1.012530689457662220e+03
-1.024920506850957963e+03
-1.021907080142625091e+03
-1.016184791175403689e+03
-1.022524181212169424e+03
-1.017515012899261023e+03
-1.025002650595102523e+03
-1.024975754410016179e+03
-1.025064443374352095e+03
-1.016352450028175781e+03
-1.020544156850513332e+03
-1.020263002763384293e+03
-1.020220377399952213e+03
-1.019459429141343890e+03
-1.016431544496180777e+03
-1.026097035569864147e+03
-1.022587923794102494e+03
-1.021883727485417239e+03
-1.017513047447504050e+03
-1.027685314190417557e+03
-1.017226366446107022e+03
-1.019501192017530798e+03
-1.014727459839170251e+03
-1.024240580289522995e+03
-1.021677344916219226e+03
-1.019975759168425157e+03
-1.023838084652919861e+03
-1.015866786825210511e+03
-1.017443422797264020e+03
-1.016382756230898963e+03
-1.022899453881736804e+03
-1.022687758076379851e+03
-1.018182938742144188e+03
-1.017411383600905424e+03
-1.021275455644225076e+03
-1.013900334297021118e+03
-1.015632373635569820e+03
-1.016154149541055972e+03
-1.019706858112689474e+03
-1.020959207940006308e+03
-1.020557874052858210e+03
-1.016246878034237056e+03
-1.020821410254901593e+03
-1.016911438335975731e+03
-1.019759541288566993e+03
-1.012076716786247289e+03
-1.009633266527940123e+03
-1.017402574678570659e+03
-1.021295775857023159e+03
-1.017619573859327602e+03
-1.017172971452864545e+03
-1.021549956761093654e+03
-1.023067248892588282e+03
-1.018409868008208264e+03
-1.022038790759208723e+03
-1.015093982866648275e+03
-1.017795659107779102e+03
-1.015072765422578414e+03
-1.014290438277976591e+03
-1.023497698788259981e+03
-1.022962786118691952e+03
-1.020529674189322805e+03
-1.015177521709362054e+03
-1.020184986196545424e+03
-1.017794789517970116e+03
-1.022294556666991639e+03
-1.015660299485128462e+03
-1.018489715186596868e+03
-1.018816891808607693e+03
-1.018181658623949033e+03
-1.024204369423462140e+03
-1.019909524865019080e+03
-1.017936802884516510e+03
-1.022569600011566763e+03
-1.018634996204478057e+03
-1.024455321004324105e+03
-1.017733235549849724e+03
-1.015120561088287104e+03
-1.021064630100092245e+03
-1.018876050833195904e+03
-1.017672289257851503e+03
-1.015570267221928816e+03
-1.018535519565344885e+03
-1.009965800054608167e+03
-1.018117014263438932e+03
-1.019484672132579817e+03
-1.018070605977416903e+03
-1.018224767653408207e+03
-1.017384337829146943e+03
-1.020747426577678652e+03
-1.014434691567194136e+03
-1.018163638580984070e+03
-1.017779931360519413e+03
-1.023198601450728574e+03
-1.014198564672084444e+03
-1.015443692140955136e+03
-1.023455815169106700e+03
-1.014381411857577064e+03
-1.019182248532682024e+03
-1.012054571519935052e+03
-1.018307876634360355e+03
-1.017458983317810180e+03
-1.023959916642299959e+03
-1.013269837109885202e+03
-1.019442298535260761e+03
-1.021671883232148957e+03
-1.015406436360971952e+03
-1.006148782154661376e+03
-1.023558497313561929e+03
-1.018313493393815520e+03
-1.019777524630878702e+03
-1.013986702136704253e+03
-1.021061067086350818e+03
-1.017118703893784186e+03
-1.020790551218821292e+03
-1.029848401110064742e+03
-1.012782552790412751e+03
-1.018695438977957906e+03
-1.015553277963166011e+03
-1.022219791372822897e+03
-1.017156054507558679e+03
-1.015973533462871842e+03
-1.018569654807767392e+03
-1.023618469676719201e+03
-1.015811531616408843e+03
-1.027208410155088359e+03
-1.016373436566126657e+03
-1.027965769210323742e+03
-1.020644641371676698e+03
-1.014903112225728023e+03
-1.022179764483305803e+03
-1.017200141224976505e+03
-1.016011427541939156e+03
-1.016392538379099960e+03
-1.016772957248237958e+03
-1.016619458143244515e+03
-1.022537241027745608e+03
-1.017373508377489884e+03
-1.019762629104195412e+03
-1.015158583533149226e+03
-1.014564635807125910e+03
-1.014918209007093537e+03
-1.019773420739068229e+03
-1.013962920778296166e+03
-1.010456439003336413e+03
-1.016317981198326493e+03
-1.017845625389470683e+03
-1.017120442636242274e+03
-1.028081444296665268e+03
-1.020660008731053495e+03
-1.019181191567518454e+03
-1.022768752011022798e+03
-1.016323414770396994e+03
-1.018732253657296269e+03
-1.018933104238288365e+03
-1.009988246042677815e+03
-1.010818959699788593e+03
-1.017508256136634373e+03
-1.015167532527671710e+03
-1.016593240607847520e+03
-1.014359830255076304e+03
-1.020343513716678899e+03
-1.012395516970106314e+03
-1.020692126120755233e+03
-1.015392380567579153e+03
-1.017592000857869380e+03
-1.016539120883384612e+03
-1.019031829839153261e+03
-1.021348519375045498e+03
-1.018156846019289333e+03
-1.019300461332634882e+03
-1.018791386185407646e+03
-1.025182955705886798e+03
-1.016657467343750795e+03
-1.011757913191779835e+03
-1.013666795301499405e+03
-1.018416266595069487e+03
-1.020419871131152377e+03
-1.013177008682527685e+03
-1.011549739224214932e+03
-1.010804184833420550e+03
-1.016858979045936167e+03
-1.017880377648422268e+03
-1.007898721134097059e+03
-1.014896429524978203e+03
-1.014627855577007381e+03
-1.023348003310087279e+03
-1.020133664562696254e+03
-1.015140013676075682e+03
-1.022452979712008414e+03
-1.017734084644107725e+03
-1.014896781648961792e+03
-1.022819958281316985e+03
-1.013687852986736971e+03
-1.017747657129558320e+03
-1.010746420460921172e+03
-1.021674977566858615e+03
-1.021976762891889734e+03
-1.014858498745173733e+03
-1.011781154193417592e+03
-1.019202373038574706e+03
-1.014657349860073509e+03
-1.021388550887211181e+03
-1.023937747866986911e+03
-1.012613470576378177e+03
-1.011136163732759542e+03
-1.011462028428908070e+03
-1.018529781076416270e+03
-1.011263283161577306e+03
-1.022790782495932717e+03
-1.020194204110048759e+03
-1.011683582636975530e+03
-1.018291532342051937e+03
-1.014684142587847759e+03
-1.022541236437078169e+03
-1.020162397221013634e+03
-1.018595859000660766e+03
-1.014982462680288677e+03
-1.021360867065062166e+03
-1.020858872334387570e+03
-1.008576613860267116e+03
-1.015390468829704105e+03
-1.018647810606370967e+03
-1.018890421536098870e+03
-1.017351851005341246e+03
-1.022778664902544733e+03
-1.018478665690511207e+03
-1.012583163082728106e+03
-1.014737835057914481e+03
-1.014243693011371988e+03
-1.011760927092418228e+03
-1.016063271237062168e+03
-1.014032588776138368e+03
-1.021911917244000165e+03
-1.014509294690081788e+03
-1.019738190988853603e+03
-1.020153671921470391e+03
-1.016099095988945464e+03
-1.017352336118564153e+03
-1.017094239314524657e+03
-1.013443301730682037e+03
-1.028592543808308392e+03
-1.021230500685738662e+03
-1.016212723805860719e+03
-1.016050269943787498e+03
-1.013568734028296262e+03
-1.014496750481689446e+03
-1.016342107591667968e+03
-1.018784061194461628e+03
-1.016800909168440967e+03
-1.011282018433384678e+03
-1.016457219369099448e+03
-1.018787156412516424e+03
-1.019737018560191018e+03
-1.017782351305071529e+03
-1.012443976287788018e+03
-1.022382051246837136e+03
-1.019107587719601497e+03
-1.015230157889866177e+03
-1.016379437217181817e+03
-1.012971796559475592e+03
-1.013524721920718662e+03
-1.017357985041707138e+03
-1.014753641424759962e+03
-1.016696034161106240e+03
-1.016691729494675428e+03
-1.016680236738700614e+03
-1.017826718924926013e+03
-1.020203651685886712e+03
-1.024223745959569897e+03
-1.022235420240645794e+03
-1.017530235754344744e+03
-1.010345724059367967e+03
-1.015182593180857111e+03
-1.018288111030037612e+03
-1.017934799982501431e+03
-1.016043720507465991e+03
-1.020108999778729981e+03
-1.014895009202174265e+03
-1.021566141578712518e+03
-1.009664119490616145e+03
-1.016732432082115906e+03
-1.017477009549784611e+03
-1.010754480785565647e+03
-1.018495141123544386e+03
-1.012795783606939494e+03
-1.010715565018238635e+03
-1.016161696510663887e+03
-1.015034746340687320e+03
-1.016463768987572166e+03
-1.021176944585868455e+03
-1.017880181238653904e+03
-1.017877654461122006e+03
-1.012639363628845786e+03
-1.021388038825763715e+03
-1.015140947236738043e+03
-1.014846571765269346e+03
-1.016020263640824396e+03
-1.011841806530013741e+03
-1.024007644483650211e+03
-1.018751103662874243e+03
-1.020742880391217909e+03
-1.018868731630053048e+03
-1.015969831483485450e+03
-1.012485239283922283e+03
-1.021340363911703093e+03
-1.012806146121619008e+03
-1.024928641145624169e+03
-1.015101181513055735e+03
-1.014888508793787196e+03
-1.015323357073493526e+03
-1.017359003776028317e+03
-1.019720187086337546e+03
-1.011619874238571811e+03
-1.015866735618775351e+03
-1.015988882429924956e+03
-1.020521773473612825e+03
-1.012073006618282534e+03
-1.021810777452825278e+03
-1.017629303176410872e+03
-1.013981659033081428e+03
-1.016923328292549058e+03
-1.018034128465894696e+03
-1.020272664921844012e+03
-1.016843987906636585e+03
-1.013307696314073951e+03
-1.015940099494948527e+03
-1.017279919781182343e+03
-1.018174469514911152e+03
-1.020901186003287535e+03
-1.013060497790912223e+03
-1.018845343104163817e+03
-1.018865194728075608e+03
-1.014081691892422782e+03
-1.016836281524523201e+03
-1.012747244109109033e+03
-1.018527740495023636e+03
-1.018374710440102604e+03
-1.012187278714763465e+03
-1.010817899302786032e+03
-1.012335643768642512e+03
-1.011973852343766225e+03
-1.017603409042731073e+03
-1.020134651244337192e+03
-1.015060878955127578e+03
-1.021467783396440041e+03
-1.012204086211978392e+03
-1.011248795559596147e+03
-1.021186282233317570e+03
-1.017249871197241987e+03
-1.012450630830661453e+03
-1.006069978349695589e+03
-1.023344494376693660e+03
-1.013053998953092901e+03
-1.013248867581560489e+03
-1.012772796185437755e+03
-1.015524924043174678e+03
-1.016170836527491133e+03
-1.012220692934374483e+03
-1.024202582035177556e+03
-1.015156566651176149e+03
-1.018432215738668901e+03
-1.011780113405309521e+03
-1.015124824295728899e+03
-1.019176682590367250e+03
-1.013574259845654979e+03
-1.020913960513482380e+03
-1.015580107219016782e+03
-1.019753319997248582e+03
-1.018943520409507755e+03
-1.019498959042430670e+03
-1.010856844278486506e+03
-1.015701807352436617e+03
-1.020079149511851483e+03
-1.014277641002935866e+03
-1.014575726544131044e+03
-1.021436214864295493e+03
-1.020027425747893176e+03
-1.020192506380654208e+03
-1.020154027513896040e+03
-1.019987819338379040e+03
-1.019596369521667384e+03
-1.028078034363953520e+03
-1.015549787619800668e+03
-1.017932021892861371e+03
-1.014982851858051163e+03
-1.013641295751451025e+03
-1.016621587295540053e+03
-1.015145222312054671e+03
-1.010662037594148046e+03
-1.009651557420536733e+03
-1.015403792263875971e+03
-1.013946979976462558e+03
-1.020296270586520450e+03
-1.013721484706647516e+03
-1.018313821191199168e+03
-1.016932651088297121e+03
-1.019658159006829010e+03
-1.020891317509958640e+03
-1.015248920901704082e+03
-1.016699538145842894e+03
-1.012336319069468686e+03
-1.021097926840546052e+03
-1.016192305460183775e+03
-1.016757546184889634e+03
-1.013523574945149562e+03
-1.015241698498941105e+03
-1.021950469517192573e+03
-1.020245825494902078e+03
-1.014880284491450539e+03
-1.019803237852835650e+03
-1.011465184901860880e+03
-1.017198399083835284e+03
-1.014513709062440398e+03
-1.017560584429645132e+03
-1.016739779926850474e+03
-1.015789375928382697e+03
-1.020136224644699155e+03
-1.014720755678749470e+03
-1.026825407862650536e+03
-1.015602720687899136e+03
-1.022713371855074911e+03
-1.011361028917674503e+03
-1.017773017036998908e+03
-1.014155443571594219e+03
-1.021583392412870239e+03
-1.016963376950976340e+03
-1.024968394086710987e+03
-1.011378876279891074e+03
-1.017976638046411267e+03
-1.015098669203848203e+03
-1.013695158062119503e+03
-1.019212457923972579e+03
-1.020561262366678648e+03
-1.016928993604926291e+03
-1.015652198847411000e+03
-1.012714161182227144e+03
-1.016762168969390132e+03
-1.014115166367722168e+03
-1.011861328623316808e+03
-1.019373312955387291e+03
-1.020774868496754152e+03
-1.015012948373020436e+03
-1.022894976108663514e+03
-1.012264408424249041e+03
-1.019239668919470205e+03
-1.023928656975411627e+03
-1.022282509929060211e+03
-1.016831158834967709e+03
-1.017629903802761532e+03
-1.020726714431650862e+03
-1.010220591576219590e+03
-1.016716708133036263e+03
-1.014211101755487221e+03
-1.016926705552698763e+03
-1.020624922487822005e+03
-1.018475278430865046e+03
-1.013302328218299181e+03
-1.017794297168219941e+03
-1.017228103793227774e+03
-1.015329355816932434e+03
-1.014093240174131097e+03
-1.018345284693323265e+03
-1.014058043009609150e+03
-1.012950876606269958e+03
-1.020018211389139651e+03
-1.019911116658077049e+03
-1.015038610641796595e+03
-1.017743767800604587e+03
-1.017898045218280004e+03
-1.018568617786240907e+03
-1.019704526997872904e+03
-1.011848862903303029e+03
-1.012458458533074122e+03
-1.019091844785199328e+03
-1.013589092248774477e+03
-1.016269895996273590e+03
-1.016904132293240991e+03
-1.015035548050677107e+03
-1.017886488499472307e+03
-1.011317594712322148e+03
-1.021599088565370721e+03
-1.012894269749451041e+03
-1.016341477373649468e+03
-1.019429560405670372e+03
-1.014797543950101954e+03
-1.015428178336164137e+03
-1.020083720980204589e+03
-1.024028958348447304e+03
-1.021130261343390544e+03
-1.018079253945635628e+03
-1.017348199305708249e+03
-1.015113170369589056e+03
-1.016796688945937944e+03
-1.013563784880974822e+03
-1.016419600249924315e+03
-1.011753205475941058e+03
-1.015105782933486694e+03
-1.019045677332623313e+03
-1.015761239324250823e+03
-1.014864088393715406e+03
-1.010075543625399860e+03
-1.011410768251272657e+03
-1.015451798069909273e+03
-1.011546922794517513e+03
-1.013003470069218338e+03
-1.022735678530704376e+03
-1.015336381532759333e+03
-1.017533665905416456e+03
-1.016328824688548821e+03
-1.018881534050620758e+03
-1.009471020800383599e+03
-1.013987437103345087e+03
-1.020345525669409767e+03
-1.017105731893407551e+03
-1.017797807726221777e+03
-1.014241253032695340e+03
-1.022096724231510848e+03
-1.014473132773875022e+03
-1.015868292632932366e+03
-1.011428088441257387e+03
-1.015717323945023622e+03
-1.015297332553548813e+03
-1.025099206061733412e+03
-1.014408118970920555e+03
-1.011419739420745827e+03
-1.016995564327260126e+03
-1.018871737632544296e+03
-1.015348392789324976e+03
-1.019471621830758977e+03
-1.018191648985012534e+03
-1.020409692620336045e+03
-1.016561808840713638e+03
-1.018342653907636986e+03
-1.011722689013632476e+03
-1.012772626155156672e+03
-1.020870271852859901e+03
-1.015477988279483270e+03
-1.022637729220320352e+03
-1.013479295359237767e+03
-1.015062225371254954e+03
-1.014921966572835345e+03
-1.018673802676727291e+03
-1.016901441589638466e+03
-1.019585432021535325e+03
-1.017434473784203647e+03
-1.019235258657735358e+03
-1.014521103714291030e+03
-1.016250394209315346e+03
-1.019105974718499965e+03
-1.016273133159224699e+03
-1.016112034887631353e+03
-1.014353244761744691e+03
-1.012354640495625517e+03
-1.014860183602285701e+03
-1.017690949004569006e+03
-1.015588612617194485e+03
-1.014172582543757585e+03
-1.015116370122522312e+03
-1.013930713306790267e+03
-1.018637978183667087e+03
-1.010651210736994244e+03
-1.013328859525609687e+03
-1.019825479012120127e+03
-1.015919645989251535e+03
-1.012532013488692087e+03
-1.025678918404910974e+03
-1.017980795686787928e+03
-1.018509471784009634e+03
-1.016050006448735530e+03
-1.015665732940046610e+03
-1.020300794847262750e+03
-1.017165825631946177e+03
-1.015884926889253734e+03
-1.016568306164890032e+03
-1.018530292763397256e+03
-1.013624222288352030e+03
-1.015467497180336863e+03
-1.011607698220570683e+03
-1.019731333442253117e+03
-1.020224813509751243e+03
-1.019890613399959648e+03
-1.022764295168969397e+03
-1.011097059318432684e+03
-1.018788371218332941e+03
-1.011726543727075750e+03
-1.015377121945131535e+03
-1.016782181340472675e+03
-1.009685293614765556e+03
-1.025791593429024033e+03
-1.023323695953986203e+03
-1.016137115218904796e+03
-1.020521565620930460e+03
-1.017835569672998190e+03
-1.016484207502003528e+03
-1.017885185426934640e+03
-1.013966702325262645e+03
-1.020943058101477732e+03
-1.012649890369659943e+03
-1.016107828857007917e+03
-1.017739807612596451e+03
-1.013481625202915666e+03
-1.017980361708801752e+03
-1.020399287669298587e+03
-1.014754891067907351e+03
-1.018503664198919182e+03
-1.016812664257495499e+03
-1.018053225547356988e+03
-1.013081597211579606e+03
-1.013964742583634575e+03
-1.022137835869663263e+03
-1.018650128077393674e+03
-1.014794331741677752e+03
-1.024717685165626335e+03
-1.026679659901986952e+03
-1.015810565195611389e+03
-1.012566321765080716e+03
-1.014731345734756928e+03
-1.013838683006180418e+03
-1.018442556649187736e+03
-1.015766043338225245e+03
-1.014417826280434383e+03
-1.017481272457646128e+03
-1.018050915516279815e+03
-1.014477325695724971e+03
-1.018893196152785777e+03
-1.017392825078119813e+03
-1.014534649542307761e+03
-1.023655130001155158e+03
-1.018782347928446939e+03
-1.020450727894429292e+03
-1.018968604256648177e+03
-1.021019803101805337e+03
-1.019690598418261061e+03
-1.016112080755207330e+03
-1.015548629233496740e+03
-1.013502359475780281e+03
-1.016276599789124816e+03
-1.017191587371472338e+03
-1.018197073922113645e+03
-1.011852719604099661e+03
-1.021166609905175619e+03
-1.021397513180990131e+03
-1.011343471805464560e+03
-1.022564623999343439e+03
-1.013225702304548804e+03
-1.021146077100391267e+03
-1.018044807961725041e+03
-1.015831991178336239e+03
-1.019275446311690303e+03
-1.014050134270226408e+03
-1.017831592729760132e+03
-1.016260003015335201e+03
-1.016387052203888288e+03
-1.023815568249597504e+03
-1.021325367465008412e+03
-1.012044647335972854e+03
-1.017183535557399068e+03
-1.015149547488903295e+03
-1.021544800484067878e+03
-1.018399618707008358e+03
-1.007859108576861559e+03
-1.008726926017328879e+03
-1.009954833749735599e+03
-1.013809259729129280e+03
-1.012337448001872758e+03
-1.014290529473697461e+03
-1.017434897161714844e+03
-1.016388590166774748e+03
-1.018340583761423431e+03
-1.017542347847237124e+03
-1.016662192915500782e+03
-1.014270361718330946e+03
-1.017408953908634885e+03
-1.010199707877426704e+03
-1.018281289960859681e+03
-1.020257300145440013e+03
-1.019685643511877061e+03
-1.014733212152028955e+03
-1.020150223220685803e+03
-1.010014408529963703e+03
-1.015407851917172025e+03
-1.016891865508609726e+03
-1.013755148927560072e+03
-1.023435035719756229e+03
-1.013875623911890102e+03
-1.021924560213902055e+03
-1.018415462298206648e+03
-1.011641873709013566e+03
-1.019197177195207360e+03
-1.017515898096788419e+03
-1.015626785476230339e+03
-1.017169010494848408e+03
-1.016867974014738820e+03
-1.016962651385323284e+03
-1.019560714435254340e+03
-1.014368772602756962e+03
-1.018118711712838149e+03
-1.016546963213041977e+03
-1.019673449074442715e+03
-1.014084930551980051e+03
-1.015408012036738228e+03
-1.019110814041750359e+03
-1.013771590247236759e+03
-1.018704822702504771e+03
-1.016221622027973808e+03
-1.021405681594352018e+03
-1.013285848056612508e+03
-1.016216322681916154e+03
-1.022962284462808498e+03
-1.017725609389486522e+03
-1.017997680782721204e+03
-1.020454513228216683e+03
-1.015292122667305193e+03
-1.016769728936991555e+03
-1.018642887551968897e+03
-1.016369124890747457e+03
-1.019999580075303129e+03
-1.018377716541379868e+03
-1.019871930818986925e+03
-1.010015027015159944e+03
-1.018381981461290707e+03
-1.011321089418828137e+03
-1.015188027074631350e+03
-1.020863911489779525e+03
-1.016706006819398340e+03
-1.021966695472121160e+03
-1.016319363055966960e+03
-1.019729124525844782e+03
-1.017880772545931677e+03
-1.014880053916519500e+03
-1.016614411647640054e+03
-1.016858812963398805e+03
-1.023702365342062080e+03
-1.018065517420059678e+03
-1.017356409457265499e+03
-1.015033614773080899e+03
-1.018936987258275508e+03
-1.017939089217388300e+03
-1.016547292211547756e+03
-1.019524092021504316e+03
-1.017890281441852267e+03
-1.016399274145415802e+03
-1.012734661361478061e+03
-1.013381268861204376e+03
-1.015196399799920187e+03
-1.017433985027172298e+03
-1.014530437480309615e+03
-1.013835889135464868e+03
-1.011016513784932272e+03
-1.023296333281476450e+03
-1.016499755400680897e+03
-1.020153635470115887e+03
-1.024839819319364324e+03
-1.012170474909822701e+03
-1.019237827272048435e+03
-1.018911483435508330e+03
-1.017319157119793658e+03
-1.019581511739371194e+03
-1.018058331725074368e+03
-1.010998033566976687e+03
-1.014897572621166660e+03
-1.012936559772801957e+03
-1.017882162430191329e+03
-1.018525210269622448e+03
-1.012591931288220280e+03
-1.018001716766292930e+03
-1.018161166792262634e+03
-1.015731369953789454e+03
-1.013626992972657831e+03
-1.015215155128137781e+03
-1.017602624862013272e+03
-1.019248506414044982e+03
-1.018832320474296807e+03
-1.014264983773181712e+03
-1.007640617497052403e+03
-1.016992061776246601e+03
-1.012471540541705622e+03
-1.019970800971147924e+03
-1.011662031756244346e+03
-1.012561031943474291e+03
-1.017434590761830236e+03
-1.013624131513794964e+03
-1.014888376975881442e+03
-1.011238443100554264e+03
-1.017256084478997423e+03
-1.010800812488055726e+03
-1.014674672220146022e+03
-1.010402892372713268e+03
-1.012687729738250482e+03
-1.021948499234521819e+03
-1.019200047423934620e+03
-1.021152569960711389e+03
-1.012661428197932423e+03
-1.016902297011422093e+03
-1.009804078299975686e+03
-1.013801750245438711e+03
-1.018938262845238228e+03
-1.016914498078029169e+03
-1.018304780016062978e+03
-1.015391429898297815e+03
-1.011846688837928014e+03
-1.012849922322007160e+03
-1.023355423482287165e+03
-1.014161101690668033e+03
-1.015525609047103671e+03
-1.017283536304377662e+03
-1.013149384158393786e+03
-1.013735208917409523e+03
-1.013851575409661905e+03
-1.021555848695370173e+03
-1.017906662738860746e+03
-1.018130718524161466e+03
-1.013049804585675247e+03
-1.022971173667782864e+03
-1.021982875415228705e+03
-1.016570294432993251e+03
-1.010119030983541620e+03
-1.011558584006857473e+03
-1.017077188666053985e+03
-1.017090704491738961e+03
-1.017231625044828434e+03
-1.021365436537426035e+03
-1.017096994083043455e+03
-1.017156144544703011e+03
-1.016884897073245725e+03
-1.028102905238033145e+03
-1.016354807135070473e+03
-1.012420654646100502e+03
-1.016444787235382819e+03
-1.007810779058289199e+03
-1.016058041157786306e+03
-1.017992430641699457e+03
-1.015222300027670258e+03
-1.015943628066267593e+03
-1.018923034017867849e+03
-1.017355206394653123e+03
-1.023814342893874709e+03
-1.018428191080132024e+03
-1.018235314804005952e+03
-1.016772142709408968e+03
-1.017864088970639841e+03
-1.022624965689911505e+03
-1.014688170734704727e+03
-1.018235620366542435e+03
-1.013360204510609833e+03
-1.019681393000663206e+03
-1.014908884796992879e+03
-1.018047411546886224e+03
-1.012993762362938128e+03
-1.019719606621439993e+03
-1.014698527686942157e+03
-1.014315666257302723e+03
-1.016627184356970133e+03
-1.024706709410676694e+03
-1.021618448911231894e+03
-1.013843917399403836e+03
-1.014441124404908805e+03
-1.016675821568242441e+03
-1.020921143475591975e+03
-1.023379579038605812e+03
-1.015724971452108662e+03
-1.020486827962237612e+03
-1.013596552822192507e+03
-1.027042728975574619e+03
-1.014629748350024443e+03
-1.015698872526460491e+03
-1.009004779152508490e+03
-1.024071711471584649e+03
-1.015709721848908316e+03
-1.016403922272411592e+03
-1.012673047918410589e+03
-1.014271470873086628e+03
-1.013990347793197998e+03
-1.015753020885907290e+03
-1.013278712434571730e+03
-1.010795583370137820e+03
-1.015995875443789828e+03
-1.019863977806286471e+03
-1.015251125472167587e+03
-1.019594276790626395e+03
-1.018015833390050830e+03
-1.011186342478683855e+03
-1.016812262143706107e+03
-1.013408019344614104e+03
-1.013459332272734514e+03
-1.017051603269734301e+03
-1.018936392005164862e+03
-1.020089179906886557e+03
-1.017544243781423575e+03
-1.017405755818368903e+03
-1.016494351651680972e+03
-1.020564395184606383e+03
-1.020539151266254066e+03
-1.018821257158503272e+03
-1.017654688170301938e+03
-1.014384319083083597e+03
-1.017201039856935267e+03
-1.014509268759750967e+03
-1.016934824951493965e+03
-1.012588151870521074e+03
-1.021888694821088620e+03
-1.021146480321057311e+03
-1.020366198865806382e+03
-1.015737202377254448e+03
-1.017196606456035738e+03
-1.016944212795585372e+03
-1.008930911496379395e+03
-1.017687747797476277e+03
-1.015238516787475874e+03
-1.012884830760187697e+03
-1.014755108174471388e+03
-1.019830210964556045e+03
-1.015457156219571289e+03
-1.018918961800758666e+03
-1.017220396259352356e+03
-1.017229914102255634e+03
-1.013111744352903997e+03
-1.014193893487199034e+03
-1.011603796472707813e+03
-1.006371842557779019e+03
-1.017715678644186028e+03
-1.013929284037172579e+03
-1.010791358586099477e+03
-1.014583615552670381e+03
-1.019224256408611950e+03
-1.017706197397441088e+03
-1.015672746339808100e+03
-1.014904888945845187e+03
-1.014644214429343833e+03
-1.020210275000408615e+03
-1.022451310009033477e+03
-1.023154563236286094e+03
-1.014553068387229814e+03
-1.020033779862153210e+03
-1.018348282726141179e+03
-1.019742717481178829e+03
-1.019093701778569425e+03
-1.015934176608824714e+03
-1.019593113277529483e+03
-1.013816843478415194e+03
-1.014488383233485024e+03
-1.020158046009943632e+03
-1.016861074333647707e+03
-1.010516223544229888e+03
-1.014083260335049658e+03
-1.021232832653147284e+03
-1.013780974361079529e+03
-1.020800172396353105e+03
-1.012017144370290794e+03
-1.015715131820582656e+03
-1.017448418772988816e+03
-1.017015536083367806e+03
-1.017581419370963999e+03
-1.016040223594439340e+03
-1.010749529567214495e+03
-1.018406696627974270e+03
-1.012674973353135101e+03
-1.012369090701584469e+03
-1.019931595090840005e+03
-1.015681926343777604e+03
-1.018060031812536181e+03
-1.021452087139120749e+03
-1.019556305994708282e+03
-1.018823559073463343e+03
-1.020291950440104983e+03
-1.019284940295387287e+03
-1.019717637216767002e+03
-1.015142313652018515e+03
-1.022912865299856662e+03
-1.014939550634477769e+03
-1.012585039287923792e+03
-1.015080630746747147e+03
-1.014306810978673184e+03
-1.018043697199653707e+03
-1.016249893237103379e+03
-1.014405181411239255e+03
-1.016052905576681042e+03
-1.015809359484449146e+03
-1.021734137882870755e+03
-1.016096207302696371e+03
-1.016997811857271472e+03
-1.016237783934506069e+03
-1.015621371658121689e+03
-1.015543965884405225e+03
-1.017051928634277829e+03
-1.021592914288229963e+03
-1.011848848417949284e+03
-1.015872989225050901e+03
-1.017513928406571949e+03
-1.013420131475193557e+03
-1.006852790124442208e+03
-1.018832396148335533e+03
-1.021521704523257199e+03
-1.014014977208708729e+03
-1.013946810860980122e+03
-1.013199547328264657e+03
-1.017180785588708090e+03
-1.019139423096432097e+03
-1.023150900853886014e+03
-1.017302307434468275e+03
-1.017741343031081556e+03
-1.021990147243657020e+03
-1.019161775247674996e+03
-1.012965234688191117e+03
-1.018024089954516171e+03
-1.012016300129928368e+03
-1.015542919345951759e+03
-1.022198171510184920e+03
-1.018489380986536617e+03
-1.019048003339581442e+03
-1.014313222717132362e+03
-1.017295062248318914e+03
-1.014289899338596001e+03
-1.007355306263739749e+03
-1.013088918925843473e+03
-1.014471913918142832e+03
-1.020606561798287203e+03
-1.014495796867142417e+03
-1.016835511811536321e+03
-1.015436578695543290e+03
-1.015519317740308793e+03
-1.018572107580265424e+03
-1.021198746215297206e+03
-1.017878364852812069e+03
-1.014411159065762831e+03
-1.016318349392555774e+03
-1.014292540288948544e+03
-1.015936806803663558e+03
-1.026790627686156085e+03
-1.021723620791684652e+03
-1.018573444701701760e+03
-1.013811902957123834e+03
-1.009542809311517431e+03
-1.012665402538398666e+03
-1.013704781605146991e+03
-1.016311754509248772e+03
-1.017215366918556697e+03
-1.021977892259237933e+03
-1.013665814093873792e+03
-1.017893523629533547e+03
-1.014078727310159366e+03
-1.013093838540537035e+03
-1.017006542592758365e+03
-1.018521905378875999e+03
-1.016152235808522391e+03
-1.018261396517152093e+03
-1.018297262482299402e+03
-1.018238164459703171e+03
-1.016522953231678116e+03
-1.015157781829780561e+03
-1.011783949157884194e+03
-1.019635549097687544e+03
-1.020541654928558387e+03
-1.018175240233995169e+03
-1.017483613191988297e+03
-1.013265554840661935e+03
-1.018266694828331424e+03
-1.011807261235478791e+03
-1.020556960188340895e+03
-1.014687378793369589e+03
-1.017099307552088931e+03
-1.014307265092292141e+03
-1.020219539016574117e+03
-1.020113129041118668e+03
-1.019359192541582161e+03
-1.014749395605159066e+03
-1.020424853799817015e+03
-1.017877900883743450e+03
-1.019419480154262828e+03
-1.012588077887654663e+03
-1.019138900233837717e+03
-1.016338762308725791e+03
-1.022104250357511546e+03
-1.012400165881299813e+03
-1.017199045759504656e+03
-1.021513639337898667e+03
-1.010327661122692575e+03
-1.015558007908908849e+03
-1.025751424229825716e+03
-1.015714483928474579e+03
-1.014591897609510625e+03
-1.012791139825782921e+03
-1.016099754533343798e+03
-1.014215751227943770e+03
-1.014005881842849135e+03
-1.009795217620105632e+03
-1.016034379010984480e+03
-1.008519468329480446e+03
-1.017341747595384277e+03
-1.018985837650581061e+03
-1.009891692760330670e+03
-1.017544359877541638e+03
-1.016517617178044247e+03
-1.014773048797015804e+03
-1.022541999706867955e+03
-1.014105082863534221e+03
-1.011668446919245071e+03
-1.018138015596901027e+03
-1.016851094272074533e+03
-1.015113281764329145e+03
-1.018919428005194504e+03
-1.018566439023472753e+03
-1.011973417207594593e+03
-1.007701091594325248e+03
-1.017312171254104555e+03
-1.018212635516462342e+03
-1.003885592963937938e+03
-1.020926737963741516e+03
-1.016167434068682610e+03
-1.016552043578216740e+03
-1.014483383240595231e+03
-1.016255577273268841e+03
-1.015716057909441588e+03
-1.013718682802113790e+03
-1.024423279530838045e+03
-1.019451902863388113e+03
-1.016945348085370824e+03
-1.011839109033835484e+03
-1.014876311058311444e+03
-1.013132376173753073e+03
-1.017762354947605218e+03
-1.021303452958534194e+03
-1.017052126927263316e+03
-1.010984094717856351e+03
-1.019513959273824753e+03
-1.017407006674360218e+03
-1.013313882023192946e+03
-1.016703659139370984e+03
-1.006985599496565214e+03
-1.022129813471048465e+03
-1.019536597490269742e+03
-1.020467583091905794e+03
-1.017068827990170462e+03
-1.013579197344998533e+03
-1.011713378119923391e+03
-1.017725748286971907e+03
-1.019242434381499152e+03
-1.022313803178136482e+03
-1.017911116834064273e+03
-1.007672001976579850e+03
-1.019296775982151871e+03
-1.015072571964862277e+03
-1.015920883612077205e+03
-1.021065067275094179e+03
-1.014317725685545156e+03
-1.014679090479536285e+03
-1.012772025315139558e+03
-1.013187939758298739e+03
-1.021718809355558847e+03
-1.020744533114893215e+03
-1.018272850716172002e+03
-1.021630078528699755e+03
-1.019523332411380011e+03
-1.016562360610789710e+03
-1.014879604193515547e+03
-1.014772284311802196e+03
-1.017474723422168381e+03
-1.013803889668400416e+03
-1.015881358158912576e+03
-1.020632623328580280e+03
-1.017751229139629913e+03
-1.013559047836083209e+03
-1.012431111226308303e+03
-1.017601759312431227e+03
-1.017226062706586958e+03
-1.025032162854605303e+03
-1.017754719303065826e+03
-1.020762617770178622e+03
-1.011165437601918143e+03
-1.012707869811934984e+03
-1.019191430183927309e+03
-1.022394728351502749e+03
-1.017440861152013667e+03
-1.013971249499351984e+03
-1.016475763263416525e+03
-1.016349481567782959e+03
-1.022117824203155124e+03
-1.023234245611075039e+03
-1.016071803048379479e+03
-1.016419140481614704e+03
-1.016341899559521380e+03
-1.019692883172763231e+03
-1.011476969318848433e+03
-1.019727666032036836e+03
-1.016522569026899873e+03
-1.017047319245370090e+03
-1.012707271756594309e+03
-1.015178487695632157e+03
-1.019044902985963859e+03
-1.014542825036815884e+03
-1.025876125438203189e+03
-1.019861250305575368e+03
-1.010717400293961418e+03
-1.017495403725116716e+03
-1.020433093244539464e+03
-1.017439517101952788e+03
-1.014119813112925385e+03
-1.021819135669382376e+03
-1.019977638686694831e+03
-1.013750533451004230e+03
-1.015910413599275444e+03
-1.018646266088285302e+03
-1.017336310981012161e+03
-1.021981341719795068e+03
-1.014537662591060325e+03
-1.020558575799577170e+03
-1.017491340872125534e+03
-1.016117454090456704e+03
-1.013889368220837810e+03
-1.013558378275530231e+03
-1.017373975868200887e+03
-1.019113001512423125e+03
-1.018065642688302660e+03
-1.016071957910099513e+03
-1.021286078881194157e+03
-1.019420843190578353e+03
-1.016849143524267447e+03
-1.016401188692251708e+03
-1.022589399446778543e+03
-1.016556541097018226e+03
-1.017215365383754261e+03
-1.021159794943804286e+03
-1.018784471487412020e+03
-1.023791052832512264e+03
-1.012328109504498116e+03
-1.021596463758995355e+03
-1.016112752909985034e+03
-1.013342044311775794e+03
-1.018219929476349876e+03
-1.018551640625611867e+03
-1.021489676279611558e+03
-1.018504088487485205e+03
-1.016566068159830706e+03
-1.013935924981229050e+03
-1.017760858221277886e+03
-1.010478308133764244e+03
-1.011155173336325106e+03
-1.017235262808521838e+03
-1.017970332339913057e+03
-1.019600656438888223e+03
-1.019637138131850861e+03
-1.021087502933012729e+03
-1.016845791377784394e+03
-1.016534367197041433e+03
-1.020057191233112803e+03
-1.018186857281385301e+03
-1.017922962402205144e+03
-1.018657692526055484e+03
-1.014029442405464579e+03
-1.016019615475081991e+03
-1.019529269503459204e+03
-1.024693978074477172e+03
-1.015951660216480605e+03
-1.015669281875171691e+03
-1.018824620525392788e+03
-1.014139588559479648e+03
-1.018373019956463850e+03
-1.007325461381286004e+03
-1.014724097008980607e+03
-1.018620293291942744e+03
-1.015407774814067125e+03
-1.019898084534323289e+03
-1.019476188314649789e+03
-1.020200113578804121e+03
-1.020822366499249256e+03
-1.013550952116460621e+03
-1.008925297755284987e+03
-1.031157973219571886e+03
-1.013835907686320411e+03
-1.021786764792914255e+03
-1.018870149873573382e+03
-1.016984715872187053e+03
-1.017600697990419462e+03
-1.019793285033443453e+03
-1.019706240991182540e+03
-1.014731267203634388e+03
-1.016310762313869077e+03
-1.012988847509264360e+03
-1.013356690937205713e+03
-1.010561609197062239e+03
-1.014286292050042675e+03
-1.009712719711752129e+03
-1.021523280616287934e+03
-1.021772794674496367e+03
-1.015729551124412978e+03
-1.011858827471902941e+03
-1.013406810555914944e+03
-1.016747921421816272e+03
-1.019193331608167341e+03
-1.017687484510098557e+03
-1.024010633708393016e+03
-1.016609744071211594e+03
-1.014355981213977316e+03
-1.007865181040168181e+03
-1.017895863836837293e+03
-1.016416331112094099e+03
-1.018111881990420670e+03
-1.019755557960603483e+03
-1.017982349777965055e+03
-1.012061068654461110e+03
-1.014032038537225048e+03
-1.017423264288057453e+03
-1.015985078119914078e+03
-1.018138274934843594e+03
-1.014207230308131102e+03
-1.012644205460344210e+03
-1.014102457561422398e+03
-1.017747228092029673e+03
-1.012194968025655271e+03
-1.017178876092815472e+03
-1.013987738249186009e+03
-1.015849698353790700e+03
-1.013260338682154838e+03
-1.012679501905836901e+03
-1.015611118533980743e+03
-1.017219366848269374e+03
-1.019733304044777697e+03
-1.017254642455508588e+03
-1.013704022888941608e+03
-1.019563316633202248e+03
-1.018906844717440435e+03
-1.024286785071487429e+03
-1.013253456211395360e+03
-1.020333634499618256e+03
-1.013036360993008316e+03
-1.015009082159610898e+03
-1.012358043681710910e+03
-1.012352171725829294e+03
-1.015136976519893665e+03
-1.018575781311835954e+03
-1.019273744595520157e+03
-1.019552128622442751e+03
-1.016597675138889940e+03
-1.014955650219211748e+03
-1.018429295581774340e+03
-1.012567666780597165e+03
-1.010862200994570117e+03
-1.013961325274856335e+03
-1.022633266026108799e+03
-1.008582613323326996e+03
-1.020487791004485302e+03
-1.017074609940313167e+03
-1.023466675262135027e+03
-1.013315466002867311e+03
-1.014665495976408238e+03
-1.013051664775684912e+03
-1.013758601157045405e+03
-1.015490561706733729e+03
-1.012937111072750668e+03
-1.015069929524881786e+03
-1.017960575100495930e+03
-1.015455815650391628e+03
-1.015663453801029164e+03
-1.020000778288879246e+03
-1.021842321239466401e+03
-1.017355988955455814e+03
-1.017148029104668012e+03
-1.019051682508991689e+03
-1.023779562758767952e+03
-1.019679168726658872e+03
-1.017528846295620724e+03
-1.018655792881725347e+03
-1.009381199612342357e+03
-1.009014988091320902e+03
-1.015827297272172359e+03
-1.013789076373654439e+03
-1.014931907995919801e+03
-1.017137959934776291e+03
-1.016398143558474317e+03
-1.021882511133166531e+03
-1.013776190406521550e+03
-1.016414154091821615e+03
-1.015511452662592774e+03
-1.013293699765414885e+03
-1.014335549011627677e+03
-1.013296907346952821e+03
-1.011055337554163771e+03
-1.015597281903655926e+03
-1.013601028940715310e+03
-1.012954570238521910e+03
-1.008171348407618439e+03
-1.019089067665910648e+03
-1.020364611301294190e+03
-1.022430104268604282e+03
-1.016885389410955895e+03
-1.017451750203556117e+03
-1.016573538101054737e+03
-1.019253240616386279e+03
-1.016754030166571397e+03
-1.017790607372980048e+03
-1.020483761055114201e+03
-1.020052953089184257e+03
-1.010864495587363763e+03
-1.018716874071023653e+03
-1.015448507947321900e+03
-1.016134646128864688e+03
-1.022062768213642130e+03
-1.016092745841419628e+03
-1.019520727775196406e+03
-1.018933837743309368e+03
-1.026520921634122033e+03
-1.017851676663913054e+03
-1.017293212839195689e+03
-1.012278384605404540e+03
-1.015296927332144151e+03
-1.014823141771765904e+03
-1.017692633187803040e+03
-1.016178483262814666e+03
-1.014246964845034654e+03
-1.016806985137589436e+03
-1.018562248688237219e+03
-1.019768931676077500e+03
-1.019608995394486215e+03
-1.017221340478501702e+03
-1.017560677070102770e+03
-1.016292639182834705e+03
-1.016193987614235766e+03
-1.015998879562982552e+03
-1.018838801244278443e+03
-1.024109891635079975e+03
-1.013314667629930682e+03
-1.024242448363502263e+03
-1.021287551414253926e+03
-1.008609895306433373e+03
-1.013433968625725583e+03
-1.012112786438784383e+03
-1.013555862257447643e+03
-1.016202161762783817e+03
-1.020164843979676334e+03
-1.018416121574444105e+03
-1.014354845567924031e+03
-1.012806465542592377e+03
-1.019226583708701583e+03
-1.019736924808415210e+03
-1.015645267235541155e+03
-1.013452845256850537e+03
-1.012424815543666227e+03
-1.019859166485109654e+03
-1.016689459796869983e+03
-1.009376499503393575e+03
-1.021529170484955898e+03
-1.019019384963065477e+03
-1.014219018187394227e+03
-1.014851423916407839e+03
-1.017184455689599645e+03
-1.020050852184749147e+03
-1.019317011664985898e+03
-1.018453384083527794e+03
-1.016129359369593885e+03
-1.014991823684766018e+03
-1.014750040031897242e+03
-1.012849061814420565e+03
-1.015619438707282256e+03
-1.020639191335687656e+03
-1.013715117195874086e+03
-1.018523221021789368e+03
-1.017488373226548333e+03
-1.017309261137929298e+03
-1.006809806638898749e+03
-1.018614641225950322e+03
-1.015898432166397924e+03
-1.014834060760636248e+03
-1.017764721526222502e+03
-1.018612959746239198e+03
-1.022205727481995496e+03
-1.016917325542756316e+03
-1.009649746092632540e+03
-1.019175119231574627e+03
-1.017786452719481645e+03
-1.013662596695776529e+03
-1.013617459563995340e+03
-1.014029309264260860e+03
-1.011858867773049838e+03
-1.013328334658336757e+03
-1.022130879533810571e+03
-1.019779838161090538e+03
-1.010744073669146246e+03
-1.021012516867508907e+03
-1.015845446391846281e+03
-1.009113541602032910e+03
-1.015715514965637794e+03
-1.012236556221982710e+03
-1.019169437005388886e+03
-1.019429069635806286e+03
-1.020695749258923456e+03
-1.013641245796832209e+03
-1.018121974540651081e+03
-1.015775983454858761e+03
-1.016012749656551932e+03
-1.017220467581607068e+03
-1.022601712181078597e+03
-1.011658420512983184e+03
-1.015011560582993411e+03
-1.012747147499707921e+03
-1.016097931545749134e+03
-1.021099398628617223e+03
-1.018158337765625447e+03
-1.009515003466480039e+03
-1.014015076801677310e+03
-1.020712191024470371e+03
-1.023171851177341182e+03
-1.020229664984565034e+03
-1.009561905598039175e+03
-1.020553736315863375e+03
-1.019249488505913860e+03
-1.013877371619154133e+03
-1.015378166897627466e+03
-1.011411227657566542e+03
-1.013493176187017184e+03
-1.019019841429495500e+03
-1.012073003636267117e+03
-1.011853781967981377e+03
-1.023576119915932281e+03
-1.015968684632249051e+03
-1.020355843474958078e+03
-1.006818784364590101e+03
-1.007015544286175441e+03
-1.019859856882065969e+03
-1.011451890643778825e+03
-1.020672916060995021e+03
-1.017580255479379616e+03
-1.019668494638039761e+03
-1.011782067357706524e+03
-1.021836253058785474e+03
-1.014650514499318774e+03
-1.019094231121843904e+03
-1.011754139509114680e+03
-1.013878973487845201e+03
-1.013726342898370149e+03
-1.010156713675629135e+03
-1.013202601568274304e+03
-1.019935449068633716e+03
-1.017689075674040168e+03
-1.009269388213114325e+03
-1.012841483055704089e+03
-1.016688478545271096e+03
-1.018640535771905093e+03
-1.016035022716335334e+03
-1.017645317167562325e+03
-1.014290621313309657e+03
-1.018735657433559027e+03
-1.016105381786943894e+03
-1.016567932944345330e+03
-1.016035531052575038e+03
-1.017402271965389218e+03
-1.021084954046592657e+03
-1.015709441088707763e+03
-1.021191505240056699e+03
-1.016718952185275384e+03
-1.014969122198989453e+03
-1.016726894803713094e+03
-1.017188587238534524e+03
-1.016879536662813280e+03
-1.023013985514348860e+03
-1.021136899507776548e+03
-1.019675924586614997e+03
-1.012613897824139826e+03
-1.020206062570814993e+03
-1.012178447900024480e+03
-1.020182620193444791e+03
-1.012676101183399169e+03
-1.008218688739748472e+03
-1.017717098093414734e+03
-1.018517852422880196e+03
-1.016559579717989891e+03
-1.019899486801145713e+03
-1.016166317923727433e+03
-1.020201914551940035e+03
-1.020956271519701545e+03
-1.020286695188056569e+03
-1.017595739779113728e+03
-1.022326533413491234e+03
-1.025228948253439285e+03
-1.014600857760799158e+03
-1.013222085510336683e+03
-1.017628423763806040e+03
-1.018526239089614023e+03
-1.021366196518204561e+03
-1.015062387680754910e+03
-1.021692180419542069e+03
-1.015434682876029342e+03
-1.016280496104839358e+03
-1.015882536361589700e+03
-1.016947713675021760e+03
-1.020497394731254190e+03
-1.017543194886904757e+03
-1.020229070536473841e+03
-1.015787988330124335e+03
-1.017172712637537870e+03
-1.015984845146300927e+03
-1.017863137092245097e+03
-1.021979700515526929e+03
-1.014537519128663007e+03
-1.013229666879412207e+03
-1.017041694730810264e+03
-1.018219646288831882e+03
-1.015365512198775491e+03
-1.015188291449246549e+03
-1.016880662334930662e+03
-1.015874512936860583e+03
-1.014477413262154414e+03
-1.015868499424717925e+03
-1.020856093110588972e+03
-1.009843437067667651e+03
-1.019324630871397744e+03
-1.016419491282552713e+03
-1.013949292260578773e+03
-1.020738273713210333e+03
-1.014935516271231108e+03
-1.009870080593699413e+03
-1.024483641166579673e+03
-1.014930736269565955e+03
-1.016180247777364912e+03
-1.013100293907930677e+03
-1.014773818135242323e+03
-1.022319426305612751e+03
-1.015638690156334860e+03
-1.013961939227517632e+03
-1.012225848580955471e+03
-1.018182788913593185e+03
-1.018706305130059945e+03
-1.017745183800261316e+03
-1.009723379166844666e+03
-1.014365993870236821e+03
-1.020334961218507715e+03
-1.009398267707399555e+03
-1.013591679155024508e+03
-1.018230242106938022e+03
-1.018145537629924206e+03
-1.019549467958441141e+03
-1.017295227976591605e+03
-1.016787727743004893e+03
-1.016569540598302069e+03
-1.015165337326773397e+03
-1.014985202492976555e+03
-1.018247130250732994e+03
-1.014450144272326270e+03
-1.018143131622206283e+03
-1.018549316655221105e+03
-1.009655286031016885e+03
-1.020977663235747286e+03
-1.016789209819059806e+03
-1.017166672287165852e+03
-1.015592267198686727e+03
-1.022175143564560699e+03
-1.013474291764851387e+03
-1.012709576539800992e+03
-1.016731201959196483e+03
-1.018727680314402960e+03
-1.014160889138161338e+03
-1.018207636679896495e+03
-1.016643979212238946e+03
-1.014846069865830941e+03
-1.019381357724168197e+03
-1.019058592738842549e+03
-1.012484107801343043e+03
-1.019705491952542388e+03
-1.012289803313554103e+03
-1.019069671736274699e+03
-1.015292044854162668e+03
-1.018984092453186690e+03
-1.018597836737778039e+03
-1.015389258810998967e+03
-1.017172973611658222e+03
-1.018252516870383261e+03
-1.019406443174366132e+03
-1.014853025965411462e+03
-1.016356509318296503e+03
-1.009561381683289483e+03
-1.015152109402278938e+03
-1.018391960112573429e+03
-1.017719334498527019e+03
-1.018280729979671605e+03
-1.021067344760063975e+03
-1.014593639819752866e+03
-1.017560509716231422e+03
-1.009093767045673758e+03
-1.013752328762935235e+03
-1.019865058891465310e+03
-1.018896140857913792e+03
-1.022902258304064389e+03
-1.014947651418501550e+03
-1.012974844437204297e+03
-1.017590327316849539e+03
-1.016006130661118618e+03
-1.025112620808579777e+03
-1.022680423828720677e+03
-1.024278178868886016e+03
-1.015141094530844498e+03
-1.013695052434894365e+03
-1.013191684036000083e+03
-1.011224119046337819e+03
-1.012511966411595836e+03
-1.018781499590403655e+03
-1.014417648922957483e+03
-1.007960819869700344e+03
-1.015445037253460896e+03
-1.016642622221953502e+03
-1.018216604837117529e+03
-1.020335774329592482e+03
-1.017910805523042882e+03
-1.015258312431317677e+03
-1.016315205025478235e+03
-1.017589252830008718e+03
-1.014339129119983681e+03
-1.015757301198930577e+03
-1.014042799056390322e+03
-1.012536559848705110e+03
-1.013882886583704703e+03
-1.014331300058516604e+03
-1.017445361169199600e+03
-1.010583821562349044e+03
-1.014943681197858268e+03
-1.013808585023658225e+03
-1.013762777830925188e+03
-1.020235310802593176e+03
-1.018329875390569100e+03
-1.017447896767282373e+03
-1.012438505258263831e+03
-1.015793870759219772e+03
-1.010468710051712605e+03
-1.017119397905205687e+03
-1.021394642989313866e+03
-1.011658435107629430e+03
-1.018169079303860485e+03
-1.019853308335526549e+03
-1.020365772757598847e+03
-1.014371280429581702e+03
-1.022392219850299625e+03
-1.018361839101384021e+03
-1.019464295060980703e+03
-1.024169107107821446e+03
-1.017528062913295798e+03
-1.017210848182938435e+03
-1.021266520857366004e+03
-1.016894070564252047e+03
-1.016897123766718096e+03
-1.023499149965950892e+03
-1.024281278722980460e+03
-1.017750548402473214e+03
-1.012255203872251855e+03
-1.021541115477102494e+03
-1.013095215825941978e+03
-1.021505179543533700e+03
-1.018088908600907985e+03
-1.007862086422462994e+03
-1.018175180836423579e+03
-1.014381202210247352e+03
-1.014975207153813358e+03
-1.017426135352522806e+03
-1.016328381422955317e+03
-1.015900178929855542e+03
-1.021439618647283623e+03
-1.007834622685609475e+03
-1.016705920193861857e+03
-1.019251208558015833e+03
-1.014540169928695832e+03
-1.017333105962680065e+03
-1.014281216495462900e+03
-1.013704161737435925e+03
-1.021302976525781332e+03
-1.017912371162346403e+03
-1.013310742642276750e+03
-1.013849695455460278e+03
-1.011053998081473537e+03
-1.014747743447960374e+03
-1.014665666047032914e+03
-1.017346572370267154e+03
-1.014838724564166455e+03
-1.024529035997168648e+03
-1.016245240698896509e+03
-1.019593858200103682e+03
-1.013662379429766247e+03
-1.020969456093844656e+03
-1.018397681167694827e+03
-1.015282066178180116e+03
-1.014978814635681942e+03
-1.012565704212942819e+03
-1.014774870454902725e+03
-1.017593963000136114e+03
-1.014956955563604424e+03
-1.012946365684017792e+03
-1.018762741879653390e+03
-1.007631571705450369e+03
-1.015496426233485863e+03
-1.017958854141616143e+03
-1.019385606744586084e+03
-1.018104765127784276e+03
-1.009970758577352626e+03
-1.019301287645774551e+03
-1.012861394065230115e+03
-1.016984135672114235e+03
-1.012193583440012958e+03
-1.019625821402531642e+03
-1.020097698874021717e+03
-1.015664922322376924e+03
-1.014680953424559902e+03
-1.013596839755266501e+03
-1.017300419530247268e+03
-1.015383684591458973e+03
-1.020049008978828851e+03
-1.022555132322284521e+03
-1.011624626207627557e+03
-1.010494949573718714e+03
-1.015071403147087267e+03
-1.012184433552425844e+03
-1.016699184797639077e+03
-1.016730771705425809e+03
-1.015191931602777458e+03
-1.014468030380333175e+03
-1.016352746107896678e+03
-1.015107654227103467e+03
-1.014479276525026648e+03
-1.016501775435007858e+03
-1.014269474165630641e+03
-1.012535763769711366e+03
-1.014308222754641520e+03
-1.020283550839571262e+03
-1.011880569730014486e+03
-1.017737108944902502e+03
-1.009332639533544693e+03
-1.010307888927883596e+03
-1.013818685785733464e+03
-1.011372358576520014e+03
-1.010661496323299161e+03
-1.020050733940679379e+03
-1.013226401581216010e+03
-1.014992749104854283e+03
-1.017882527272603056e+03
-1.016153858563526683e+03
-1.016332131868077795e+03
-1.017090873371979797e+03
-1.015579075430465082e+03
-1.009081301674800216e+03
-1.013216702257235397e+03
-1.012190224924051677e+03
-1.018878460806485691e+03
-1.016431642087064802e+03
-1.015540095977314991e+03
-1.015092373447663704e+03
-1.015938032241904807e+03
-1.019169617085597110e+03
-1.015071062349589170e+03
-1.019250046526972937e+03
-1.013550306754668782e+03
-1.014960928607293113e+03
-1.021723752732561138e+03
-1.015732069183639624e+03
-1.016735266956457622e+03
-1.016479672516179335e+03
-1.010436665884345871e+03
-1.010676592795286297e+03
-1.013056803367770158e+03
-1.015575598747533490e+03
-1.009662090940300118e+03
-1.017402853248015845e+03
-1.011949421399001722e+03
-1.011965559153225968e+03
-1.016873885790728082e+03
-1.023173279175879429e+03
-1.020003431259905256e+03
-1.015994625425489517e+03
-1.010995531746920051e+03
-1.015044021754723985e+03
-1.017536357960530495e+03
-1.016781871820690753e+03
-1.014292514168785374e+03
-1.016640754858598825e+03
-1.013959148459868516e+03
-1.018286048218987389e+03
-1.017454866604426797e+03
-1.009039548110535975e+03
-1.015554254618025652e+03
-1.014759626719132712e+03
-1.015705949332812224e+03
-1.016025532150970093e+03
-1.017471749155942916e+03
-1.012794880793004381e+03
-1.016333002126040697e+03
-1.017540954999142059e+03
-1.019830563806434157e+03
-1.016387993141387142e+03
-1.023228452728593652e+03
-1.017422492484616214e+03
-1.019749419872271460e+03
-1.016899465103131661e+03
-1.017304552070126419e+03
-1.018554018506514581e+03
-1.015951026636712413e+03
-1.022861487493721143e+03
-1.016876578512068704e+03
-1.023809542808350443e+03
-1.015722699983004873e+03
-1.018759415523628149e+03
-1.012375755150691248e+03
-1.016134043936835610e+03
-1.018397773935001510e+03
-1.019585873481731710e+03
-1.017053358940936732e+03
-1.018296539822900741e+03
-1.022719088676459364e+03
-1.016267360329744633e+03
-1.020650998725899058e+03
-1.016154493282169256e+03
-1.018527978360285829e+03
-1.021195675422175896e+03
-1.016340881160516119e+03
-1.018717200721149538e+03
-1.018730373653364268e+03
-1.017040805752249980e+03
-1.013793192986549570e+03
-1.017160053253890737e+03
-1.022435239837887593e+03
-1.009992969974330322e+03
-1.011915178820328947e+03
-1.018375340824596719e+03
-1.014126962347285485e+03
-1.013239747992773914e+03
-1.019390363436030270e+03
-1.012495298227044600e+03
-1.016066648309548555e+03
-1.014630484617189836e+03
-1.016419160249806509e+03
-1.022606413873795645e+03
-1.018399916623873082e+03
-1.015693190478354722e+03
-1.014980022272984570e+03
-1.017341107166918846e+03
-1.016326141765689272e+03
-1.015760056116941769e+03
-1.013166946421402827e+03
-1.020323182853935919e+03
-1.016206571120445460e+03
-1.022325382891129038e+03
-1.015679531728091092e+03
-1.018303159134318093e+03
-1.018874098871880165e+03
-1.018923761985769943e+03
-1.020018974222066049e+03
-1.016807814843228357e+03
-1.023770797219664132e+03
-1.015880172358438585e+03
-1.018415084808339998e+03
-1.012822885308345690e+03
-1.015756418081106176e+03
-1.019153104104917816e+03
-1.011421697645781137e+03
-1.015873902347865396e+03
-1.015950747022726546e+03
-1.016982521374269027e+03
-1.016046686222261769e+03
-1.016363627593096453e+03
-1.021595888751561233e+03
-1.017887636880487435e+03
-1.018282094142883807e+03
-1.016667397509988291e+03
-1.011606646402129854e+03
-1.021578181551811326e+03
-1.009691631880131126e+03
-1.012478251286223895e+03
-1.015454126837837180e+03
-1.019520438321002302e+03
-1.019314371435803537e+03
-1.020789792278358618e+03
-1.015439861846303870e+03
-1.023043534973815099e+03
-1.018139380132564042e+03
-1.014497775102678133e+03
-1.016620275772831633e+03
-1.016533260922203567e+03
-1.019077306860277986e+03
-1.018834942669647489e+03
-1.013398198113762874e+03
-1.013881676581538045e+03
-1.017806015531722437e+03
-1.015291248033902662e+03
-1.014976082511164350e+03
-1.014284158836820893e+03
-1.019581287152020877e+03
-1.018420757661916127e+03
-1.021337947301301028e+03
-1.014084349282538824e+03
-1.014914034799444153e+03
-1.013632109807047868e+03
-1.017905904474804515e+03
-1.020101019671648828e+03
-1.014200963095280372e+03
-1.016282411743414627e+03
-1.021577892774649399e+03
-1.014178763068964827e+03
-1.016147380964875879e+03
-1.015527534737018186e+03
-1.018504019625941396e+03
-1.021115343517681822e+03
-1.017480131700387574e+03
-1.015942693537627861e+03
-1.013566060011972922e+03
-1.015723882522760732e+03
-1.017259760689392692e+03
-1.015234961204657452e+03
-1.012668733072568330e+03
-1.020103064276497662e+03
-1.017801381430025913e+03
-1.018846846727160482e+03
-1.013201672854271919e+03
-1.015352732466267412e+03
-1.015065601596211877e+03
-1.013679577996721605e+03
-1.015051781465126169e+03
-1.019769011001245076e+03
-1.017702743984464519e+03
-1.009514038526311765e+03
-1.023414029767342527e+03
-1.014190744540173682e+03
-1.015405882815901805e+03
-1.013671927528406172e+03
-1.016622036747501284e+03
-1.016290272082372894e+03
-1.018179423436438128e+03
-1.017357632865646906e+03
-1.015200893803497365e+03
-1.015528109405097098e+03
-1.017341587707864960e+03
-1.015127127632676320e+03
-1.017434687991281294e+03
-1.018546177018252820e+03
-1.015534179061360646e+03
-1.013165007037353917e+03
-1.017765766988463952e+03
-1.019158885691457158e+03
-1.014265480829109947e+03
-1.017669404451876062e+03
-1.014881721419804080e+03
-1.018079921675392143e+03
-1.012625548113570972e+03
-1.020727974686867924e+03
-1.013588400645559659e+03
-1.019119617993915654e+03
-1.015355407858428407e+03
-1.015717078050623854e+03
-1.021306352956951969e+03
-1.017334011501554414e+03
-1.015779221551621958e+03
-1.017179738252618563e+03
-1.016089247529790555e+03
-1.015634367675481940e+03
-1.019942060669398188e+03
-1.017471611995694275e+03
-1.014671837371565402e+03
-1.018382897029291939e+03
-1.014852661610353721e+03
-1.012876509036015250e+03
-1.011372438375627780e+03
-1.007406752678057160e+03
-1.015733721554154272e+03
-1.017260824508929772e+03
-1.016773406198131170e+03
-1.022505723505845253e+03
-1.013505831175139747e+03
-1.013687342827259954e+03
-1.014524190717431907e+03
-1.019043818035046570e+03
-1.015113149467707899e+03
-1.012989768021498662e+03
-1.016264074983172577e+03
-1.022124463338946498e+03
-1.017815067483297298e+03
-1.013020885763694196e+03
-1.021221081076350742e+03
-1.011932261670799562e+03
-1.015774054605393644e+03
-1.021753125091513311e+03
-1.013850585665254130e+03
-1.017832150190216680e+03
-1.011966288552213427e+03
-1.017890598422644416e+03
-1.017723073850857190e+03
-1.016763419505190086e+03
-1.018813141201416556e+03
-1.006813438412681762e+03
-1.017019937155940852e+03
-1.016965774143545332e+03
-1.012632576851137060e+03
-1.020665315828128655e+03
-1.018565078314184461e+03
-1.015988969106600166e+03
-1.018043076230908014e+03
-1.014922461072463989e+03
-1.015166001504785072e+03
-1.018446323480254478e+03
-1.021882422005892863e+03
-1.012901527597725817e+03
-1.014085273363016540e+03
-1.019555152562277613e+03
-1.016459401008147893e+03
-1.021213628400586572e+03
-1.017598531757378851e+03
-1.023774074440397158e+03
-1.014106559857092066e+03
-1.018395674870536823e+03
-1.016634544093270506e+03
-1.017734785733639910e+03
-1.019940992254982916e+03
-1.015005237504462229e+03
-1.015121577978187815e+03
-1.013652515930257437e+03
-1.016967806434934801e+03
-1.023040697460702177e+03
-1.012542475342393914e+03
-1.020316187234501854e+03
-1.012851808792008228e+03
-1.015810817362549983e+03
-1.013673866690707769e+03
-1.017342642261131914e+03
-1.016731679766684806e+03
-1.018132848431257344e+03
-1.021081357085150785e+03
-1.014121658706194694e+03
-1.022988876523724343e+03
-1.018672153272096807e+03
-1.016043496474073436e+03
-1.014984416010810833e+03
-1.017008106749541412e+03
-1.017263722998899198e+03
-1.015155052434682489e+03
-1.012060668498451946e+03
-1.016077089941985150e+03
-1.012818604509940997e+03
-1.017263897675224371e+03
-1.017978674670298574e+03
-1.019892455485977166e+03
-1.017292855745762836e+03
-1.016812949339197417e+03
-1.019885924309868415e+03
-1.016435543726621404e+03
-1.019317224800983240e+03
-1.014656326892801872e+03
-1.010825483980399667e+03
-1.007069840166726522e+03
-1.018103287252058294e+03
-1.017043974223223813e+03
-1.022597426181205151e+03
-1.016034187188713190e+03
-1.013270428883074828e+03
-1.017604924908841667e+03
-1.019482433923514577e+03
-1.020148523163930804e+03
-1.017306084028622195e+03
-1.019893337683038681e+03
-1.019328267526750551e+03
-1.014816075963366757e+03
-1.019381541667141164e+03
-1.020861815913730652e+03
-1.017834268497116909e+03
-1.016416514802216966e+03
-1.011716845203354524e+03
-1.018534754446847955e+03
-1.016815143764238769e+03
-1.015356804023705990e+03
-1.021484841119517569e+03
-1.017085671481977101e+03
-1.019450852709092942e+03
-1.010816090614861992e+03
-1.021788829747084947e+03
-1.013490214695246095e+03
-1.012669256796673949e+03
-1.020112585996808548e+03
-1.015375481203511072e+03
-1.018585071268761226e+03
-1.018254481039824668e+03
-1.018893941438018487e+03
-1.012058304486939278e+03
-1.017859564561749039e+03
-1.017333055050534426e+03
-1.019653072535257479e+03
-1.015882810584508547e+03
-1.014246643747563894e+03
-1.016567185321949296e+03
-1.014015954396346956e+03
-1.008383066680348065e+03
-1.016632514714575109e+03
-1.015639310965960476e+03
-1.017852496153146717e+03
-1.017632623250109873e+03
-1.016603602644673060e+03
-1.015014032639079005e+03
-1.020356109010240402e+03
-1.018215531709553943e+03
-1.021338726985080143e+03
-1.014912886079117129e+03
-1.014975522295016049e+03
-1.012890826029225764e+03
-1.019882154612312775e+03
-1.017060951776205911e+03
-1.021371284797099406e+03
-1.012946016503095166e+03
-1.015684491554139868e+03
-1.023390906029213966e+03
-1.014963486206341599e+03
-1.013676306306625293e+03
-1.011550074481763090e+03
-1.020024325091758669e+03
-1.018415142614969454e+03
-1.018485259523304421e+03
-1.020330204570036699e+03
-1.015625002462982025e+03
-1.020040931639268365e+03
-1.015945232513707992e+03
-1.011292137801280205e+03
-1.020993052780387416e+03
-1.014370614736377206e+03
-1.013608820683590125e+03
-1.017819355106972921e+03
-1.018720846613708090e+03
-1.010859069711651955e+03
-1.016211395260545260e+03
-1.012862061987075776e+03
-1.011358473441263982e+03
-1.022630767170009221e+03
-1.017510332273179415e+03
-1.017856202393699505e+03
-1.020036701130705069e+03
-1.016593144778305259e+03
-1.017524888815059398e+03
-1.017349248734314529e+03
-1.027285931620356905e+03
-1.020641452973550145e+03
-1.012567145745320317e+03
-1.018119461695106679e+03
-1.014502056071026232e+03
-1.014034848153342409e+03
-1.017719215855907237e+03
-1.018808045299662354e+03
-1.013644030972575138e+03
-1.014469650264752545e+03
-1.009921113484380157e+03
-1.016691590191073146e+03
-1.026337102454357364e+03
-1.017502875424672311e+03
-1.018791494344402963e+03
-1.014913259123733496e+03
-1.016690555009099285e+03
-1.018749237717108485e+03
-1.019218720062437910e+03
-1.017318597131211391e+03
-1.014597192686234621e+03
-1.019367348481780027e+03
-1.014247470502086117e+03
-1.018756817985779207e+03
-1.020669639850587828e+03
-1.020887388695173058e+03
-1.010857438794241943e+03
-1.015482025068275902e+03
-1.014523828086614571e+03
-1.018857175936536350e+03
-1.020299639640980786e+03
-1.019952054855319716e+03
-1.019450299880374814e+03
-1.019567267141720322e+03
-1.018861075233702650e+03
-1.016144594912865159e+03
-1.017816322496547627e+03
-1.020837944027751064e+03
-1.019720768182460233e+03
-1.019880108005393481e+03
-1.015674353211309153e+03
-1.013611014043505634e+03
-1.016764291064846020e+03
-1.016388757648368596e+03
-1.014532761250007638e+03
-1.014801284085122688e+03
-1.018514892902837119e+03
-1.012865700382883460e+03
-1.015359554949069320e+03
-1.013280163136887154e+03
-1.020309446227733588e+03
-1.015127581121471849e+03
-1.020043287763008038e+03
-1.016425255853552130e+03
-1.024500370384250346e+03
-1.013435079101730821e+03
-1.019574947733871568e+03
-1.018367378902405335e+03
-1.018948025061783255e+03
-1.013608340658045449e+03
-1.012679717183753723e+03
-1.015883396611313515e+03
-1.020444888300464186e+03
-1.018352225155772885e+03
-1.024635757225868929e+03
-1.019577247890206991e+03
-1.021937694519326783e+03
-1.010726917003252538e+03
-1.015866318428720433e+03
-1.016172296981698196e+03
-1.015948893406063689e+03
-1.009942116190874913e+03
-1.017208468576329892e+03
-1.014302503009691009e+03
-1.017768211104049897e+03
-1.016960984257334189e+03
-1.014395547754969584e+03
-1.023128004466270227e+03
-1.017197532668929625e+03
-1.012428529119056975e+03
-1.018861536061088827e+03
-1.018017698031062878e+03
-1.017654055876685902e+03
-1.020861978077568097e+03
-1.014032303174780509e+03
-1.014896679529386574e+03
-1.019667990887258156e+03
-1.014428137187353173e+03
-1.020219113677577070e+03
-1.023478289016591020e+03
-1.010409644011254954e+03
-1.012467439757052375e+03
-1.018017734084594281e+03
-1.013155898948768368e+03
-1.013591934510092415e+03
-1.013145779904660230e+03
-1.015858653936954170e+03
-1.013812033181992547e+03
-1.020165751744674367e+03
-1.013525205163802752e+03
-1.014740938096864738e+03
-1.019300924182476933e+03
-1.015817892989308802e+03
-1.022030229429551923e+03
-1.020627092528907497e+03
-1.019008463179436944e+03
-1.015844670670009009e+03
-1.013095992232322487e+03
-1.015111824311638316e+03
-1.012696918429605489e+03
-1.012793246281277561e+03
-1.017121404549795670e+03
-1.018913891549190225e+03
-1.019554824182048378e+03
-1.017574451729198586e+03
-1.015093002964068660e+03
-1.015350647850983819e+03
-1.017101926204863048e+03
-1.016344655842178440e+03
-1.015664784479491914e+03
-1.011549205025617425e+03
-1.017060493633896385e+03
-1.014320619343105477e+03
-1.015519280345277139e+03
-1.015710436842600075e+03
-1.018463898343325127e+03
-1.012936420089878197e+03
-1.016864350468953603e+03
-1.026380142371220472e+03
-1.019112720788339061e+03
-1.009563943586705477e+03
-1.016110261698201043e+03
-1.018320460609515408e+03
-1.017244883353364116e+03
-1.025349005076378035e+03
-1.018878468946421890e+03
-1.017066169055459682e+03
-1.018897452148694583e+03
-1.019171620138179378e+03
-1.011921752055050320e+03
-1.016380902558922344e+03
-1.011823300341197864e+03
-1.015400148442814611e+03
-1.017382898449305571e+03
-1.012593922224559265e+03
-1.020910210313374819e+03
-1.014342085607865783e+03
-1.013094480011956080e+03
-1.021095497780933783e+03
-1.017261122513938858e+03
-1.017548802986698433e+03
-1.022126241886321509e+03
-1.013274458730037395e+03
-1.027115996008953971e+03
-1.014651461122753176e+03
-1.019592461090619054e+03
-1.018661173882858293e+03
-1.020997280229695434e+03
