-1.564221598679904218e+03
-1.526057528351901055e+03
-1.486737435242114316e+03
-1.451785822053559514e+03
-1.373493329410202705e+03
-1.363535711402856123e+03
-1.333348931074084021e+03
-1.303086137370312372e+03
-1.275650980137752867e+03
-1.263498469396281962e+03
-1.226517845914829650e+03
-1.219989262772168331e+03
-1.215178145599935078e+03
-1.177404256069456096e+03
-1.168827046668630828e+03
-1.145346881238794595e+03
-1.130263970025306207e+03
-1.126412726933535168e+03
-1.110161053147040093e+03
-1.095937024095785318e+03
-1.090081437766003774e+03
-1.086346605325721612e+03
-1.066261860183990848e+03
-1.069034204625658958e+03
-1.062452762039150002e+03
-1.052167235606730401e+03
-1.044430582200752042e+03
-1.039127350546731122e+03
-1.032601281840461752e+03
-1.021481299427080785e+03
-1.023161382203115636e+03
-1.021037736782882803e+03
-1.019494695238030658e+03
-1.016728215550187088e+03
-1.009356907970248358e+03
-1.004522179180059766e+03
-1.000347262131704838e+03
-1.000154164129654646e+03
-9.903163351097598479e+02
-9.849178199726384264e+02
-9.915294157315842085e+02
-9.945949708452333198e+02
-9.899014512777891923e+02
-9.858213481814889292e+02
-9.821022086071581043e+02
-9.811110977878428230e+02
-9.748241148955610242e+02
-9.744181169167907228e+02
-9.723437420451364233e+02
-9.755898991078715881e+02
-9.776279406436080990e+02
-9.631712644069109501e+02
-9.642519682218880916e+02
-9.634476030966326334e+02
-9.616149806253583847e+02
-9.637886163662460604e+02
-9.636788536066509323e+02
-9.604187582289243892e+02
-9.612186767369249765e+02
-9.623095403402585362e+02
-9.564932215439390575e+02
-9.559436825575717194e+02
-9.541688710340782791e+02
-9.528991831929819227e+02
-9.548640491464105935e+02
-9.551891675724327797e+02
-9.525821721726828173e+02
-9.528637204345528744e+02
-9.568357020913431370e+02
-9.479624580752024485e+02
-9.478105534809437813e+02
-9.482457947951445476e+02
-9.452244653940807666e+02
-9.466538195632995212e+02
-9.492448238351759073e+02
-9.432605160522583674e+02
-9.450885066354298942e+02
-9.458426237820708593e+02
-9.403274365908373511e+02
-9.471132155753061852e+02
-9.454902224597744862e+02
-9.441988968836056983e+02
-9.376294996629046636e+02
-9.400648993179804620e+02
-9.433949812437103901e+02
-9.468931710619096975e+02
-9.435986996715610076e+02
-9.427534931323250476e+02
-9.392585149928843293e+02
-9.392786829615927218e+02
-9.413689732865244650e+02
-9.341219588692263187e+02
-9.397689072402520196e+02
-9.345672070512539449e+02
-9.383050807749687010e+02
-9.368296405028240770e+02
-9.384042858972892418e+02
-9.402045582029013531e+02
-9.322021881777184262e+02
-9.309503793749894385e+02
-9.336864754357542324e+02
-9.364472665257956123e+02
-9.341211549072776279e+02
-9.349630181809682199e+02
-9.284244848904664877e+02
-9.357749683998196133e+02
-9.301256575662033583e+02
-9.364864320235392370e+02
-9.317469342380230728e+02
-9.308330933857071159e+02
-9.332295753982416500e+02
-9.330034934114838734e+02
-9.292373469185661179e+02
-9.288200093977136476e+02
-9.280783284245296727e+02
-9.305935740136120558e+02
-9.284428419699432879e+02
-9.308114163401883161e+02
-9.324379686764717690e+02
-9.313136794662408420e+02
-9.262304175059927047e+02
-9.283045065512568499e+02
-9.253379233689822740e+02
-9.290246677727037650e+02
-9.256458286685744952e+02
-9.256471751091366968e+02
-9.254712611452532656e+02
-9.233576245830884091e+02
-9.207673416926022583e+02
-9.272930434683084968e+02
-9.248356013665161299e+02
-9.212863252543781982e+02
-9.274362649850029356e+02
-9.213973590162752316e+02
-9.265204291013554894e+02
-9.279329501806789722e+02
-9.220225863028257436e+02
-9.188538281136222849e+02
-9.207236031841089243e+02
-9.265616832617954515e+02
-9.200869935917728526e+02
-9.203110710318552492e+02
-9.226067780144420567e+02
-9.282305281239957822e+02
-9.270316851147388206e+02
-9.283211499392343740e+02
-9.226299657900411830e+02
-9.209842654895797978e+02
-9.216316683112221426e+02
-9.248948007221836178e+02
-9.216128014697687831e+02
-9.203221540310888713e+02
-9.202528991312867674e+02
-9.194102414715632676e+02
-9.251198406817420619e+02
-9.204874737450893463e+02
-9.225653309641515989e+02
-9.216059557249477621e+02
-9.194160456839446169e+02
-9.174810761544642901e+02
-9.186867816323921261e+02
-9.180946044364739009e+02
-9.148851430941292620e+02
-9.221196107304726866e+02
-9.221434040347006658e+02
-9.186529266306413319e+02
-9.256129440766476364e+02
-9.169660492645198246e+02
-9.206680097788897683e+02
-9.189805091520586302e+02
-9.202883886757599612e+02
-9.216051378763291950e+02
-9.186375323438171563e+02
-9.186853792741217148e+02
-9.182677475945548622e+02
-9.147083296865714601e+02
-9.186235660221977923e+02
-9.179355777603660727e+02
-9.188745291845888232e+02
-9.162223076725903184e+02
-9.162981848745635034e+02
-9.152798417928115668e+02
-9.206060938915546785e+02
-9.156650163496034338e+02
-9.200285319446106769e+02
-9.158732058061372072e+02
-9.161680442358555183e+02
-9.164566252832230475e+02
-9.170980608838933676e+02
-9.177116289063912973e+02
-9.180751788667204210e+02
-9.179998207850951530e+02
-9.139148447346302646e+02
-9.130867943170976559e+02
-9.122944826258177500e+02
-9.158807594983422860e+02
-9.139878184364442859e+02
-9.169727501623758599e+02
-9.135578277101160438e+02
-9.185591435104679476e+02
-9.152130934367640975e+02
-9.128401773934018593e+02
-9.132319052335117249e+02
-9.122573379186992497e+02
-9.141274183479520161e+02
-9.173224715323686951e+02
-9.116018156845861995e+02
-9.183446206796103297e+02
-9.145527905213742770e+02
-9.122435757282785289e+02
-9.109808277658592033e+02
-9.113459269392735678e+02
-9.130575480838112981e+02
-9.136656509588308381e+02
-9.089334721004114499e+02
-9.098374077338978623e+02
-9.113293491731571976e+02
-9.108914675348256651e+02
-9.090020163053363831e+02
-9.133524572697853046e+02
-9.113583128475133890e+02
-9.098717659082160480e+02
-9.086293622486417689e+02
-9.101911373626799104e+02
-9.117835466286676365e+02
-9.147082315072443635e+02
-9.097276486674252283e+02
-9.097372182032265755e+02
-9.106727237974989748e+02
-9.129281562032929287e+02
-9.110264934698503794e+02
-9.128149987948056605e+02
-9.085728101624055171e+02
-9.069445966232101455e+02
-9.121233328739866693e+02
-9.113496330915179442e+02
-9.141033180098614821e+02
-9.121295729366856904e+02
-9.118618563353137461e+02
-9.056612771589566364e+02
-9.101416116274149317e+02
-9.091282532298487240e+02
-9.093336125497222611e+02
-9.065193554427896743e+02
-9.090552852656702498e+02
-9.117701717494909417e+02
-9.061127213758636572e+02
-9.058704341233424202e+02
-9.061953098714176349e+02
-9.086736268944885069e+02
-9.095731894411439953e+02
-9.049235994757584649e+02
-9.014898785971711277e+02
-9.083468679849884211e+02
-9.069693961532358344e+02
-9.111453566624213636e+02
-9.088668354756989629e+02
-9.058314301330838134e+02
-9.059739640625517723e+02
-9.071440196097748867e+02
-9.055080452823590349e+02
-9.063912358938817988e+02
-9.044384338015233880e+02
-9.072260017568754620e+02
-9.090946654275811625e+02
-9.050754130709151468e+02
-9.011054947349559825e+02
-9.052064364720248477e+02
-9.114323807487312479e+02
-9.086929637081523197e+02
-9.034820248790651931e+02
-9.125501647136642305e+02
-9.036450804697539070e+02
-9.054941810085374527e+02
-9.067705018897760283e+02
-9.034718512926111771e+02
-9.036643085207853119e+02
-9.020395504151563273e+02
-9.057470042748421974e+02
-9.028568106561976947e+02
-9.029802113018520231e+02
-9.055735968672064473e+02
-9.051259553296251852e+02
-9.042020959359397239e+02
-9.044530353331678043e+02
-9.049832036205003760e+02
-8.997865396885682685e+02
-9.013512000441447753e+02
-9.047668062063464731e+02
-9.025285115193391903e+02
-9.018541670464662730e+02
-9.030603635646625662e+02
-9.014556056061506979e+02
-9.072530885766766460e+02
-9.029362082234930540e+02
-8.994609908489378540e+02
-8.997606936875472456e+02
-9.019947777371778557e+02
-9.029492377619889112e+02
-9.009669873182597257e+02
-9.022446324907957660e+02
-8.974194212863988014e+02
-9.047836990585275316e+02
-9.049178846900549615e+02
-9.013620738004019586e+02
-9.010440280699493769e+02
-9.014233653924724194e+02
-9.016708257387972481e+02
-9.004413938740665344e+02
-8.983357490974146913e+02
-9.009914304305273163e+02
-9.002769052708812296e+02
-9.022653609560998120e+02
-9.060415409804785440e+02
-9.021470072102765698e+02
-8.995177961407990779e+02
-8.993739360310801203e+02
-8.928796056774318686e+02
-8.997266881660605122e+02
-9.010555251789121485e+02
-9.002487643147208018e+02
-8.986371952982583480e+02
-8.991584556842435632e+02
-8.969994054465374802e+02
-8.954910001381708753e+02
-8.934388106610676914e+02
-8.988684329097376349e+02
-8.996145904949205487e+02
-9.011053492354847094e+02
-8.977139641308805267e+02
-8.947047306332638072e+02
-8.971071232733836496e+02
-8.965714378262207447e+02
-8.942476896614072075e+02
-8.964555395643037627e+02
-8.956813527049777122e+02
-9.050384723061411023e+02
-8.961701166127053284e+02
-8.912592253269724552e+02
-8.978358719554328218e+02
-8.956006187526110125e+02
-8.926050747125351563e+02
-8.954582987191308803e+02
-8.947271911237808126e+02
-8.962617728867993492e+02
-8.927980524643035096e+02
-8.924922777916526684e+02
-8.956405272514305125e+02
-8.975622427191615316e+02
-8.969465707230684757e+02
-8.898812691776699921e+02
-8.946725010962677516e+02
-8.969201692346473465e+02
-8.988986926656830292e+02
-8.935580249748927599e+02
-8.915999924740410734e+02
-8.917124645548847184e+02
-8.903901378164251810e+02
-8.913849176498630413e+02
-8.967124963551814290e+02
-8.986209524424987194e+02
-8.935717462041070576e+02
-8.980590169826958800e+02
-8.874815727762423876e+02
-8.880922179763203985e+02
-8.960811927515894695e+02
-8.964342683623021912e+02
-8.956251733220103688e+02
-8.981826498254088165e+02
-8.922538526523893552e+02
-8.926849898493112505e+02
-8.894056719150383969e+02
-8.902810227818762314e+02
-8.905746133187451505e+02
-8.928057617366273462e+02
-8.927650366445184318e+02
-8.898223874692195068e+02
-8.921853325917907114e+02
-8.911826697225283169e+02
-8.941774388299029397e+02
-8.897695926945772271e+02
-8.911552327323367990e+02
-8.956204498816910018e+02
-8.853433536011914384e+02
-8.925940146959267167e+02
-8.955390968829673284e+02
-8.941254749338064585e+02
-8.942192500787284644e+02
-8.869507006297553744e+02
-8.891889244826211325e+02
-8.863613968159127126e+02
-8.883623948952118781e+02
-8.893335850371997822e+02
-8.856354655341467605e+02
-8.930679927896646859e+02
-8.900179893856405897e+02
-8.866349646530719610e+02
-8.861674172560725538e+02
-8.885314863342551917e+02
-8.918385161531105041e+02
-8.897825820573998499e+02
-8.889496219137740809e+02
-8.897688028132770341e+02
-8.869630200068954764e+02
-8.886727939642851197e+02
-8.863282770437074305e+02
-8.868614900062359538e+02
-8.873503322077076518e+02
-8.831257850536694605e+02
-8.850734202851153896e+02
-8.848958395930843608e+02
-8.876516720624839536e+02
-8.906053593188739796e+02
-8.889534250940552056e+02
-8.912337113174122578e+02
-8.883999454329946275e+02
-8.911684057692777969e+02
-8.867287816758203007e+02
-8.904589711418633442e+02
-8.872159107885670437e+02
-8.790093614945999434e+02
-8.879795479673880436e+02
-8.883067765018734008e+02
-8.899248870606878654e+02
-8.875241434013323669e+02
-8.838671359913687411e+02
-8.862733934831036322e+02
-8.912506695321934558e+02
-8.900851420953983961e+02
-8.899595187331977968e+02
-8.889954465114512914e+02
-8.813086772202714201e+02
-8.823245017670626567e+02
-8.835441967959287695e+02
-8.883045236275147545e+02
-8.842344723545006673e+02
-8.836739144613708277e+02
-8.860190886393560277e+02
-8.870568065089909169e+02
-8.885806187896802157e+02
-8.807940978263421812e+02
-8.882164570907609686e+02
-8.850203195719805080e+02
-8.823696496254044632e+02
-8.859592920686970956e+02
-8.839646466135651508e+02
-8.780851807939031914e+02
-8.830555256988578776e+02
-8.821399548652864269e+02
-8.817235249469628116e+02
-8.795249178786592665e+02
-8.853760672528029545e+02
-8.856962365834094726e+02
-8.814142303055583625e+02
-8.804940108278458410e+02
-8.862197711212255626e+02
-8.829850953455239733e+02
-8.846685011720813918e+02
-8.823437460956803307e+02
-8.821353310399890688e+02
-8.816318396521505747e+02
-8.817745420916668309e+02
-8.795258081442791536e+02
-8.791713948915239598e+02
-8.804747479756122175e+02
-8.763881816330587071e+02
-8.782538719429028333e+02
-8.812877182078228770e+02
-8.804998783729092793e+02
-8.826715043154039222e+02
-8.796862747960965407e+02
-8.813299660381838976e+02
-8.849021388349109429e+02
-8.816944557063967522e+02
-8.798929290507911674e+02
-8.811430023407560839e+02
-8.784702591584008360e+02
-8.761527658206084652e+02
-8.779680784164308989e+02
-8.811011953682343574e+02
-8.826126337662682317e+02
-8.816583659593168250e+02
-8.811310300803386326e+02
-8.754383274323595288e+02
-8.776727747435855918e+02
-8.804810925808516231e+02
-8.753459631507420227e+02
-8.764333360534765234e+02
-8.741181807652557154e+02
-8.805123499821961559e+02
-8.738107004043487223e+02
-8.802797796540386344e+02
-8.738823003627981052e+02
-8.774379771587339292e+02
-8.764497791529563528e+02
-8.792910290325824008e+02
-8.777441323215585953e+02
-8.773677772189639654e+02
-8.753855580567618517e+02
-8.777861410613635371e+02
-8.736381630323264744e+02
-8.777395976222004492e+02
-8.802104496479367981e+02
-8.761019307156527702e+02
-8.803344859220540002e+02
-8.772264448879145675e+02
-8.837326741396931311e+02
-8.752084193466962461e+02
-8.797620180754441890e+02
-8.751573242504721293e+02
-8.760971228990356394e+02
-8.713049049095758392e+02
-8.798676636297966525e+02
-8.783456327421298511e+02
-8.754892332176884793e+02
-8.781505453645719399e+02
-8.783018186920501194e+02
-8.722901785704710846e+02
-8.759001709674437279e+02
-8.748176238295852727e+02
-8.749336423812419525e+02
-8.683727816668524611e+02
-8.755975926753947078e+02
-8.762426184094551900e+02
-8.794821461382399548e+02
-8.709612920571604491e+02
-8.781092980459934552e+02
-8.756417709663819551e+02
-8.765072255060181305e+02
-8.721691635810963135e+02
-8.726737733930434615e+02
-8.737911480934812971e+02
-8.759208118291882101e+02
-8.713608626622714155e+02
-8.717921083531837212e+02
-8.716770290918561841e+02
-8.718134029179196887e+02
-8.745805099425055005e+02
-8.738738610088919359e+02
-8.737947754647516376e+02
-8.777689753610482057e+02
-8.725189177776309180e+02
-8.721888346881628422e+02
-8.741613443449580245e+02
-8.721358893639413736e+02
-8.696553600397851369e+02
-8.735325116058080539e+02
-8.763005580810478250e+02
-8.699828319504791807e+02
-8.704293059503013410e+02
-8.740298347778717698e+02
-8.735775257385712393e+02
-8.687847236191497586e+02
-8.717684839325409030e+02
-8.705652547258398499e+02
-8.703180885148497055e+02
-8.695003366518897110e+02
-8.709530560181125338e+02
-8.739061743321645963e+02
-8.691741242206564948e+02
-8.758407875078349889e+02
-8.737557348821968617e+02
-8.751578321976369352e+02
-8.675588223988146410e+02
-8.699979072885314508e+02
-8.715295332458050552e+02
-8.688211784988249065e+02
-8.684880327673820375e+02
-8.662984484125609015e+02
-8.695114308721610996e+02
-8.698444794878131461e+02
-8.696429344264198562e+02
-8.739851912856397576e+02
-8.701929498248732671e+02
-8.704551976640899511e+02
-8.677228669857838668e+02
-8.686794348501236982e+02
-8.699819423002484200e+02
-8.728452227188022334e+02
-8.652024994859816616e+02
-8.674916194572639370e+02
-8.648103911846586698e+02
-8.656085935640570597e+02
-8.649350431150672875e+02
-8.694063936386827436e+02
-8.671701486879001095e+02
-8.699780415931511470e+02
-8.736383284934280482e+02
-8.655517958463694868e+02
-8.637041988190364918e+02
-8.665007919295132979e+02
-8.664303930981508302e+02
-8.716312355647654613e+02
-8.673010647914136371e+02
-8.661423773510631463e+02
-8.684358392561250639e+02
-8.623675858771056255e+02
-8.676053492703906613e+02
-8.653755158470474953e+02
-8.662308105151730615e+02
-8.712320170907510146e+02
-8.627870430574901093e+02
-8.698030637730373655e+02
-8.709756154539818453e+02
-8.696026064676580063e+02
-8.716652051023763761e+02
-8.661326245656262017e+02
-8.678561368016726192e+02
-8.676566844871612147e+02
-8.676560772978760951e+02
-8.658538333836842185e+02
-8.688291117836795365e+02
-8.667024101576722614e+02
-8.675180571853406946e+02
-8.715811300837250428e+02
-8.650652847861276769e+02
-8.672457169478218475e+02
-8.677969183881084518e+02
-8.672774378873643855e+02
-8.672733431024985293e+02
-8.660035983134057460e+02
-8.633733685421466362e+02
-8.695982757889192953e+02
-8.700570903776919067e+02
-8.678923550564668403e+02
-8.648027878946616056e+02
-8.703819199459744596e+02
-8.661130564657435116e+02
-8.640587693242305249e+02
-8.630030470834317384e+02
-8.658884934725521134e+02
-8.671822023044719572e+02
-8.640527345390470373e+02
-8.687365165652723817e+02
-8.639320615302150372e+02
-8.685270167344208403e+02
-8.605973816555502935e+02
-8.654530430839589599e+02
-8.658593551672364583e+02
-8.662829575074611057e+02
-8.668306325208214957e+02
-8.685474525498397043e+02
-8.685000745779693716e+02
-8.694935075014727772e+02
-8.621048061667135016e+02
-8.669259257762556672e+02
-8.628739672883352796e+02
-8.639636713803375869e+02
-8.655858960983838415e+02
-8.678081777712656049e+02
-8.656137263153343611e+02
-8.607110687214566269e+02
-8.672179824396233698e+02
-8.660967538933140304e+02
-8.657811034446251597e+02
-8.643554295561823437e+02
-8.663181571660845748e+02
-8.665181428485473134e+02
-8.685801302765289620e+02
-8.660934963759091261e+02
-8.645388150695036984e+02
-8.607539151260465360e+02
-8.623595305214682867e+02
-8.652992605204776737e+02
-8.610298662102380831e+02
-8.687322605359512409e+02
-8.644297723720491149e+02
-8.637646222830758234e+02
-8.650425362215898986e+02
-8.670946541318016898e+02
-8.631786734989295837e+02
-8.676050297852783615e+02
-8.653529568673521908e+02
-8.733838595721655338e+02
-8.627261654246161697e+02
-8.624538987032228761e+02
-8.683098900579490191e+02
-8.649792368158791760e+02
-8.626095598823860655e+02
-8.648857800567514005e+02
-8.642784139100957645e+02
-8.646350246989333073e+02
-8.629222260139727041e+02
-8.645908001037623762e+02
-8.642474586785965585e+02
-8.655972476645597453e+02
-8.664056184162957379e+02
-8.662506723185301780e+02
-8.639602138606563813e+02
-8.680037223773980486e+02
-8.648988699309172716e+02
-8.633554629470265809e+02
-8.614655804199886688e+02
-8.636125061223877992e+02
-8.637060070271737686e+02
-8.628022164444173541e+02
-8.651948238933108541e+02
-8.645997658507941424e+02
-8.633596425589699948e+02
-8.650324747725964016e+02
-8.587646784738936958e+02
-8.645926352077708543e+02
-8.649029054357105224e+02
-8.640220418556499453e+02
-8.655434394838729304e+02
-8.643429343933183873e+02
-8.600824327770767468e+02
-8.656756375760122637e+02
-8.632025552458293305e+02
-8.611332991518163453e+02
-8.643111740450647176e+02
-8.676721969542938950e+02
-8.643332575505689874e+02
-8.599057351540548098e+02
-8.635772566300806830e+02
-8.630265826098070647e+02
-8.613918524570475483e+02
-8.659334485091447959e+02
-8.682758309832044006e+02
-8.636720207171853190e+02
-8.600193583722124231e+02
-8.681865177373625784e+02
-8.668449804901316611e+02
-8.608805383117801284e+02
-8.633426004474321189e+02
-8.642824664532561201e+02
-8.568645671521474014e+02
-8.632437500787006002e+02
-8.646432782208289609e+02
-8.658447566978254599e+02
-8.623230281580463270e+02
-8.638679435926097767e+02
-8.608834461776237958e+02
-8.600157369881484328e+02
-8.634136957286283405e+02
-8.655009441837585200e+02
-8.651035711992210508e+02
-8.646616062738137316e+02
-8.671603723159812489e+02
-8.625484727815346560e+02
-8.615932098371489474e+02
-8.630963208304950740e+02
-8.606160170469140667e+02
-8.641625651963792052e+02
-8.628220529632687885e+02
-8.654526251316278831e+02
-8.657953347821044190e+02
-8.655922350290929899e+02
-8.623992546738875262e+02
-8.641575376710452474e+02
-8.589044091375084236e+02
-8.616470442024312888e+02
-8.635542536357918380e+02
-8.635328829000317228e+02
-8.590346012987646418e+02
-8.596636754468702293e+02
-8.599085554542298269e+02
-8.610548902345539091e+02
-8.655037624433937253e+02
-8.663300230403322075e+02
-8.616565115014990397e+02
-8.613412838468655082e+02
-8.626332252378242629e+02
-8.675261435360232554e+02
-8.653923879291173762e+02
-8.655232448767353617e+02
-8.634822671342965350e+02
-8.615108894003803925e+02
-8.619458926396503102e+02
-8.638404637298647231e+02
-8.650597572537826636e+02
-8.648085248721280323e+02
-8.618867628657750402e+02
-8.578863147876440962e+02
-8.655316019885459582e+02
-8.650532334941646013e+02
-8.641561313401339248e+02
-8.669367350272463000e+02
-8.685003265686808618e+02
-8.679413211360222249e+02
-8.640360462545470455e+02
-8.680324332859524930e+02
-8.606746015324000609e+02
-8.650776073286061774e+02
-8.609420772612156725e+02
-8.622507147919842510e+02
-8.657160824643074193e+02
-8.615237497561199689e+02
-8.651364808464710450e+02
-8.651991408044818854e+02
-8.655104234190375792e+02
-8.622275427435123447e+02
-8.672124279749590414e+02
-8.607515179525963731e+02
-8.634953130269715302e+02
-8.637992562299326664e+02
-8.628778823230062471e+02
-8.597048841980160887e+02
-8.663148905342482067e+02
-8.656237791950402425e+02
-8.630300450489405648e+02
-8.622503773616136868e+02
-8.626886038600229085e+02
-8.632499202234319000e+02
-8.601553631283344430e+02
-8.617966179177701633e+02
-8.621702954350948858e+02
-8.659454070729132127e+02
-8.662977526144271678e+02
-8.644384337250481849e+02
-8.648735295960844951e+02
-8.609886876962165161e+02
-8.626333693686261768e+02
-8.663764578259518885e+02
-8.612772621016172252e+02
-8.612370625854030095e+02
-8.631676097994136398e+02
-8.627008052634945443e+02
-8.633408265692894474e+02
-8.626338833737938785e+02
-8.637432736437567655e+02
-8.638698452926348637e+02
-8.617195011299438647e+02
-8.600134725214397804e+02
-8.632744853721810614e+02
-8.626362882354239900e+02
-8.629733155262040327e+02
-8.603363068693803370e+02
-8.606236829294529116e+02
-8.617418991035511908e+02
-8.655581072328483287e+02
-8.604587501192227137e+02
-8.646987908099004017e+02
-8.652140067392064111e+02
-8.645677269066922008e+02
-8.610647280016464720e+02
-8.626086079976432757e+02
-8.643947162358559808e+02
-8.616178115172942853e+02
-8.597910158939361054e+02
-8.674627173334265535e+02
-8.663385030678318799e+02
-8.593689924530071949e+02
-8.619112543840659555e+02
-8.638740475030242578e+02
-8.604783061355226437e+02
-8.642120637481282301e+02
-8.630120676348388997e+02
-8.612399589113340426e+02
-8.650839290247878353e+02
-8.597857073942383295e+02
-8.630103792121846027e+02
-8.623350399703068661e+02
-8.619155807653233978e+02
-8.631853882859952591e+02
-8.611005511478526842e+02
-8.581068236756105989e+02
-8.604243991799846754e+02
-8.649180621072329131e+02
-8.616321819317067821e+02
-8.642672811346720891e+02
-8.643357686725977373e+02
-8.613089283342254703e+02
-8.593903892926643948e+02
-8.646037065654904836e+02
-8.612620653406380598e+02
-8.604102559085268922e+02
-8.625884950387093113e+02
-8.636287024956308187e+02
-8.622776571643439638e+02
-8.667835716538157840e+02
-8.615411063949372874e+02
-8.619581507736147614e+02
-8.580666242023353334e+02
-8.625804655642701846e+02
-8.634896579943475672e+02
-8.613774951518483931e+02
-8.627418969328867888e+02
-8.625579750112408419e+02
-8.622996536381907617e+02
-8.590571883370206479e+02
-8.628015723552692862e+02
-8.628960669703977828e+02
-8.642903163339817638e+02
-8.612692409262556339e+02
-8.617699112022110057e+02
-8.637342950694409183e+02
-8.647800597587723814e+02
-8.607029719905380034e+02
-8.616597170535985697e+02
-8.612944257287002756e+02
-8.687164782357477861e+02
-8.672229007335574806e+02
-8.609362107275829885e+02
-8.663437274562985522e+02
-8.612999012777009966e+02
-8.648888786061045266e+02
-8.595296033198333134e+02
-8.653752421849867460e+02
-8.619594331786553312e+02
-8.661775735283277982e+02
-8.633285497974161444e+02
-8.610397155022554898e+02
-8.626782139175818429e+02
-8.631321053226984077e+02
-8.633417274446484271e+02
-8.637966304815693093e+02
-8.621079819450214927e+02
-8.617467985422273387e+02
-8.629290058393580694e+02
-8.636991135326198901e+02
-8.610052937339858090e+02
-8.640946489519177476e+02
-8.600165953748962693e+02
-8.643417283143119221e+02
-8.613915164154212789e+02
-8.621571307709787106e+02
-8.587570150710064354e+02
-8.619285328054572801e+02
-8.621833638808546993e+02
-8.620197974925251856e+02
-8.611952461335844191e+02
-8.604915557511988027e+02
-8.625770705219786123e+02
-8.603835921638378750e+02
-8.625630867321791584e+02
-8.683821020949786771e+02
-8.618847588018983288e+02
-8.635556350231931901e+02
-8.633812601700947198e+02
-8.602727172786046594e+02
-8.632283268017503133e+02
-8.637896517707411022e+02
-8.633643017541123754e+02
-8.594264459045906506e+02
-8.628585045439149326e+02
-8.585972624242920119e+02
-8.636266503255012594e+02
-8.616574569051974777e+02
-8.638934240544053864e+02
-8.622385238936146834e+02
-8.569519230491091548e+02
-8.632105218584108570e+02
-8.640113392167224902e+02
-8.573014617852483070e+02
-8.585652527694694527e+02
-8.584312397220460298e+02
-8.620286923698334931e+02
-8.600483178399599637e+02
-8.627086925888991118e+02
-8.582127033590320480e+02
-8.606689650926905415e+02
-8.614554032175876728e+02
-8.607743784591567646e+02
-8.612829888365852185e+02
-8.622137346477186384e+02
-8.604069009465235922e+02
-8.603568338217423843e+02
-8.609519894951765764e+02
-8.604807660030985517e+02
-8.627717483028378638e+02
-8.631257926132963121e+02
-8.612334315781663463e+02
-8.631394345692959860e+02
-8.670479725375573707e+02
-8.612749264437161401e+02
-8.648535251709669183e+02
-8.621630324943739652e+02
-8.576233679170665027e+02
-8.620708799559025692e+02
-8.616549819323039401e+02
-8.687789708391462682e+02
-8.651362198150183076e+02
-8.656553811587073142e+02
-8.656701031527452415e+02
-8.602572036386104628e+02
-8.642241198336029129e+02
-8.630228781113346486e+02
-8.671994257945261779e+02
-8.628424047711896492e+02
-8.636474298173973239e+02
-8.618691426115769900e+02
-8.640130785429375919e+02
-8.613370602419273609e+02
-8.627302710632214939e+02
-8.685743412599986186e+02
-8.628870536349393205e+02
-8.618006639632172892e+02
-8.629396160788046473e+02
-8.628615088092278711e+02
-8.640333575051245134e+02
-8.657030369644290886e+02
-8.636663899432005564e+02
-8.644004438260191137e+02
-8.624958705845267559e+02
-8.639657882075144926e+02
-8.642992152893340290e+02
-8.639805436100713223e+02
-8.627514190834991723e+02
-8.642123740821743922e+02
-8.632151196246118161e+02
-8.631224771042519706e+02
-8.628344989540096321e+02
-8.606926071255497845e+02
-8.632062140831402530e+02
-8.651400328060510674e+02
-8.622177728641571548e+02
-8.625834945959998095e+02
-8.618428359077469167e+02
-8.614039570490853066e+02
-8.657956517381703634e+02
-8.632591724121018615e+02
-8.623510450754105250e+02
-8.699129824407363003e+02
-8.648059797548444294e+02
-8.644218622497737670e+02
-8.621055520932492300e+02
-8.633564560960214749e+02
-8.591798597725822901e+02
-8.598114923759512749e+02
-8.615908404175884243e+02
-8.649145217268754777e+02
-8.646758247278427234e+02
-8.621406926393024150e+02
-8.634049051425403150e+02
-8.624841784990265978e+02
-8.603044841912745824e+02
-8.648195728086883491e+02
-8.650548270089652760e+02
-8.627729256787310987e+02
-8.618472416600122870e+02
-8.648411812507278000e+02
-8.615727716649366812e+02
-8.642729799394553538e+02
-8.639079620139054896e+02
-8.623364269790270100e+02
-8.632781497155212946e+02
-8.629641075792412721e+02
-8.612504721967995920e+02
-8.647607496713545743e+02
-8.604233008052781315e+02
-8.614526935712761997e+02
-8.617519589346256907e+02
-8.672985328324451757e+02
-8.627298938575926286e+02
-8.643226887848431943e+02
-8.620372742671778497e+02
-8.589607925936476249e+02
-8.599333373885060610e+02
-8.613776860319908337e+02
-8.585471628028224131e+02
-8.611763930041652202e+02
-8.633641216975131556e+02
-8.631785701834829752e+02
-8.608351006450465093e+02
-8.591431409501450389e+02
-8.629811708188414059e+02
-8.601535893905385137e+02
-8.622864842349388255e+02
-8.622011539305457291e+02
-8.589275977212229236e+02
-8.621204250647244862e+02
-8.619390465516792119e+02
-8.636531992810024576e+02
-8.619162383449918252e+02
-8.680727536975488192e+02
-8.611862178675199857e+02
-8.679363436713175588e+02
-8.652000173542054426e+02
-8.598293284601004416e+02
-8.635412551277532884e+02
-8.627130913057455928e+02
-8.604896516008867593e+02
-8.606866769885145914e+02
-8.662783525653123888e+02
-8.637394319809131957e+02
-8.661516052307828204e+02
-8.586248299114658948e+02
-8.621820260586250697e+02
-8.653583899700189477e+02
-8.598638922205709605e+02
-8.628305583368141924e+02
-8.604913346448166749e+02
-8.621051716079582548e+02
-8.599522913300245364e+02
-8.609606928039702325e+02
-8.658916024601909385e+02
-8.609741767651852342e+02
-8.691409548196302239e+02
-8.664907749501008993e+02
-8.610504005609368505e+02
-8.654167415513934429e+02
-8.590611313616864209e+02
-8.642720409930548158e+02
-8.647650583069063259e+02
-8.605626663070144104e+02
-8.616525888733566489e+02
-8.639520082821516098e+02
-8.659432754228745353e+02
-8.626801436138665622e+02
-8.617910524526491827e+02
-8.595070611567077776e+02
-8.621887808442099868e+02
-8.642104889654553972e+02
-8.638082056005275717e+02
-8.647325937590044305e+02
-8.588143638915130396e+02
-8.596460553356829450e+02
-8.628565088461323285e+02
-8.648616769628754355e+02
-8.622691635890349744e+02
-8.629288200204667874e+02
-8.616042022962477631e+02
-8.616535446640724558e+02
-8.628659147810494687e+02
-8.631967797735314889e+02
-8.623433520868026108e+02
-8.649840871412286560e+02
-8.610590568992504359e+02
-8.630664329784916617e+02
-8.655620505910690099e+02
-8.674986493303333646e+02
-8.682918195617073707e+02
-8.616198441236942926e+02
-8.656943293321705823e+02
-8.659485647400858852e+02
-8.702954159692196754e+02
-8.612766240418089865e+02
-8.640575564653879610e+02
-8.642787622751843628e+02
-8.625163708455527285e+02
-8.648214933387669134e+02
-8.677760397151704410e+02
-8.670930169078253584e+02
-8.605785892412012572e+02
-8.622485385485517781e+02
-8.651381076744444272e+02
-8.635062468514179272e+02
-8.608607245752408517e+02
-8.586571444358654617e+02
-8.668134143059073722e+02
-8.643003501082944240e+02
-8.669077485597466648e+02
-8.648864622847318060e+02
-8.607556321821414258e+02
-8.630033372750614262e+02
-8.651431829336780766e+02
-8.664930612855567915e+02
-8.632612774705770562e+02
-8.635192414937646390e+02
-8.652491818505608308e+02
-8.633233758063087180e+02
-8.666993859272794225e+02
-8.597975577230668023e+02
-8.664131294594251358e+02
-8.629611839135538958e+02
-8.650513789681425578e+02
-8.654193882984408219e+02
-8.657148876831258804e+02
-8.679556954922411478e+02
-8.639989370279469085e+02
-8.642840459755374241e+02
-8.639297872829753260e+02
-8.649862362814963035e+02
-8.635358306666328190e+02
-8.659464949212837155e+02
-8.646410560369961331e+02
-8.608956071431122155e+02
-8.618650182229499705e+02
-8.630020384917391993e+02
-8.646914770945616056e+02
-8.596099030303437303e+02
-8.632522516646384929e+02
-8.623922235821031563e+02
-8.628342037642731839e+02
-8.617184723294819833e+02
-8.615955068224966453e+02
-8.625957538271287603e+02
-8.680994536192907844e+02
-8.647365329533718068e+02
-8.624889827690926722e+02
-8.655042006906571714e+02
-8.630853364666766083e+02
-8.645000864361203412e+02
-8.630030751297231291e+02
-8.607350984386912387e+02
-8.629463494760873346e+02
-8.665818469508524231e+02
-8.690251531677414505e+02
-8.616138054342882242e+02
-8.630429949214753833e+02
-8.642925697678662118e+02
-8.621763481367192981e+02
-8.625313823969080431e+02
-8.635864285392271995e+02
-8.656863948745956350e+02
-8.663140826373413574e+02
-8.649011280657907719e+02
-8.632727498312550551e+02
-8.599869800525040091e+02
-8.648834778397770151e+02
-8.646426547136946965e+02
-8.611018927772623783e+02
-8.660938594917670343e+02
-8.637245413303287478e+02
-8.578715198642549922e+02
-8.645393383513015806e+02
-8.627706203422631006e+02
-8.614914413964388586e+02
-8.592511261274738672e+02
-8.603959689925140992e+02
-8.637827875451241653e+02
-8.621270514347635299e+02
-8.597224645755587744e+02
-8.629678431399998999e+02
-8.610360254812540006e+02
-8.639588054001209230e+02
-8.653437750478594808e+02
-8.641789392226703512e+02
-8.609452429375676275e+02
-8.635601342448140940e+02
-8.670043968163820409e+02
-8.630203907674413131e+02
-8.624335996125216752e+02
-8.587144530169255177e+02
-8.610826673747932318e+02
-8.641723097815894334e+02
-8.656152657594069524e+02
-8.600318325956700392e+02
-8.620555842632302301e+02
-8.619311215750490192e+02
-8.649130555555504998e+02
-8.632586683820310327e+02
-8.636661868788653464e+02
-8.671773707663072628e+02
-8.662481418906226054e+02
-8.629392822667866767e+02
-8.630038873910718848e+02
-8.607575923491338017e+02
-8.658956997290997606e+02
-8.653014156369544025e+02
-8.671807430983765244e+02
-8.628110508964997507e+02
-8.642016300888296882e+02
-8.588056248995335409e+02
-8.611580291305996298e+02
-8.643916755886598366e+02
-8.594091885065699898e+02
-8.637090355101303203e+02
-8.623072608045802099e+02
-8.659277623610319097e+02
-8.604958236828615554e+02
-8.604491571664225376e+02
-8.620799700912914432e+02
-8.632460337550681970e+02
-8.638757140352230408e+02
-8.726075895637320627e+02
-8.652971293487604498e+02
-8.603020659486237491e+02
-8.653092584947285104e+02
-8.636642712745027666e+02
-8.617696238867937382e+02
-8.644790647346013657e+02
-8.627668267409118243e+02
-8.592707194621585813e+02
-8.626581041623630881e+02
-8.660120537606521793e+02
-8.635653011336560212e+02
-8.613040717231992858e+02
-8.611938341586120487e+02
-8.623364000933705711e+02
-8.614501953739103328e+02
-8.628767050144092536e+02
-8.604910919674002798e+02
-8.655151119625955971e+02
-8.592407017307357364e+02
-8.610103337205812295e+02
-8.646948070064029253e+02
-8.664867797842809978e+02
-8.654823215300278889e+02
-8.628427595877192289e+02
-8.651648755613482535e+02
-8.656713396782805603e+02
-8.637007045339103115e+02
-8.605006657171201141e+02
-8.585778898755232831e+02
-8.610936743093191126e+02
-8.657314703226713846e+02
-8.622716378543707378e+02
-8.660329408620439153e+02
-8.638887496109440463e+02
-8.639584207987682021e+02
-8.633364274390405626e+02
-8.628816455767066600e+02
-8.649017095862484439e+02
-8.635033905353252521e+02
-8.662091590277053683e+02
-8.639758903845648774e+02
-8.625279221296123069e+02
-8.641613124543665663e+02
-8.613583168302244530e+02
-8.653441738158539920e+02
-8.666259542140103349e+02
-8.590435362959570966e+02
-8.639232757103638960e+02
-8.664725680555992540e+02
-8.610339481216929016e+02
-8.609568940558303893e+02
-8.617239181632795635e+02
-8.609559081825971134e+02
-8.655137967404936035e+02
-8.575863607938123323e+02
-8.628899588862806240e+02
-8.675402352436927913e+02
-8.632361903809446630e+02
-8.633522987994164168e+02
-8.594878279089832631e+02
-8.594019853279958170e+02
-8.652922941661803407e+02
-8.633716361928665037e+02
-8.639490376814562751e+02
-8.605947513421940585e+02
-8.632950565205272824e+02
-8.620364590112791348e+02
-8.629678462086505988e+02
-8.646622351258101844e+02
-8.638896156660472343e+02
-8.582450159438636774e+02
-8.634143576367598598e+02
-8.637903705699317243e+02
-8.634153287799557575e+02
-8.680295604103031337e+02
-8.635670050083833758e+02
-8.622969183445192130e+02
-8.651049513234198685e+02
-8.671591708879598173e+02
-8.651568605903843263e+02
-8.643171812621245635e+02
-8.664450529390443307e+02
-8.624533776862765535e+02
-8.649527041134055025e+02
-8.682730823781266736e+02
-8.614230297016684972e+02
-8.630706947474989192e+02
-8.653498341695577665e+02
-8.602501300716218111e+02
-8.604176836198610090e+02
-8.628770265041840730e+02
-8.621630080979205104e+02
-8.612684589488679876e+02
-8.634300020168745959e+02
-8.627714687063460133e+02
-8.642698553778434416e+02
-8.689412328212927150e+02
-8.629149457551827709e+02
-8.628284467725065952e+02
-8.657069524301077763e+02
-8.624875932512117060e+02
-8.610598855943413810e+02
-8.575283901206929613e+02
-8.649634787420955035e+02
-8.638421816202788932e+02
-8.646498394066468336e+02
-8.607046319747089456e+02
-8.617656993071257148e+02
-8.624680150569930674e+02
-8.638464377189287688e+02
-8.621247746250553519e+02
-8.599459058552484976e+02
-8.620868633558742431e+02
-8.662731370314954802e+02
-8.637311229405831909e+02
-8.655253438526935952e+02
-8.654032486688329300e+02
-8.635238698181525479e+02
-8.633389384831929192e+02
-8.654194624543308691e+02
-8.637794098801145992e+02
-8.599468424530065249e+02
-8.591916576209457617e+02
-8.604145816051516249e+02
-8.677420154570398836e+02
-8.642648023609665415e+02
-8.625927344681277873e+02
-8.592249170989776985e+02
-8.639470475099134319e+02
-8.619554335939077419e+02
-8.658909198140398757e+02
-8.632460236471810049e+02
-8.646002769047702259e+02
-8.622895089481202149e+02
-8.587012823907824668e+02
-8.616217818692804258e+02
-8.629971224450749787e+02
-8.600674361903439831e+02
-8.629396007522309446e+02
-8.639391606868472309e+02
-8.670366508464240951e+02
-8.653616983402671394e+02
-8.608222403513752852e+02
-8.630935370349956202e+02
-8.610406059158161725e+02
-8.665979936177024001e+02
-8.625289027682513279e+02
-8.567783129136076923e+02
-8.598021128582190613e+02
-8.618365103850946980e+02
-8.618409069951524089e+02
-8.586522587500570580e+02
-8.649994852030644097e+02
-8.634584246932535052e+02
-8.661873181395972097e+02
-8.645806883114289576e+02
-8.665306265774133863e+02
-8.644665141203563508e+02
-8.621791434284734805e+02
-8.614494047116803586e+02
-8.646645733173182862e+02
-8.610074390883009983e+02
-8.578382715828266782e+02
-8.602492720280181402e+02
-8.646683719159078692e+02
-8.621367512698453766e+02
-8.581627873918565683e+02
-8.611096483429913633e+02
-8.606233810479862996e+02
-8.660847326825738719e+02
-8.631970246965822753e+02
-8.623126625312324904e+02
-8.672748293519382514e+02
-8.644400833189918103e+02
-8.606191489084138766e+02
-8.594654860647218584e+02
-8.635428914247008834e+02
-8.617014408911654755e+02
-8.642068095710276339e+02
-8.631043043459582123e+02
-8.633102436465296705e+02
-8.637798206755558112e+02
-8.621263068669053382e+02
-8.604314184996185304e+02
-8.616836945130306731e+02
-8.599596557645500070e+02
-8.588232234016651319e+02
-8.650299833586079785e+02
-8.623570250719269552e+02
-8.635979437834880628e+02
-8.653502118740369724e+02
-8.620974989676961968e+02
-8.628175445675705078e+02
-8.607930897038921785e+02
-8.640302310611293706e+02
-8.632376832951974848e+02
-8.653733842775566245e+02
-8.616401771757496135e+02
-8.629619735613417788e+02
-8.641725840574071071e+02
-8.618114693600402916e+02
-8.602436869932537320e+02
-8.615843780298140473e+02
-8.630055942205683550e+02
-8.658638534164253997e+02
-8.622421382947862867e+02
-8.648936874750888819e+02
-8.611102590183508028e+02
-8.619335028803059231e+02
-8.676900976648838650e+02
-8.637254346768183950e+02
-8.617147069785951317e+02
-8.641324895765465044e+02
-8.631629340622220070e+02
-8.596704439327365890e+02
-8.613744043770680037e+02
-8.660226277175542009e+02
-8.665463854098417187e+02
-8.608574793923905872e+02
-8.686209809374597626e+02
-8.668311202015898971e+02
-8.614842095053866160e+02
-8.621396492588726232e+02
-8.616854940477894615e+02
-8.575661809844099253e+02
-8.627381584650145214e+02
-8.640158042055212491e+02
-8.633881541063539089e+02
-8.630576418173267257e+02
-8.608476125321849395e+02
-8.625637665492973838e+02
-8.606780697567280640e+02
-8.588037490819300501e+02
-8.614581450601906454e+02
-8.595077900590497393e+02
-8.611333427663500970e+02
-8.655070333344410756e+02
-8.649972961732598833e+02
-8.640866758091801785e+02
-8.634699771561147372e+02
-8.625328619625140618e+02
-8.690967029594831956e+02
-8.632983996616890181e+02
-8.609468352044332278e+02
-8.637652395295760925e+02
-8.648214099739528820e+02
-8.638675920086242286e+02
-8.593574116838008194e+02
-8.610296286345658245e+02
-8.620068751285562030e+02
-8.638020773201527618e+02
-8.634372193134646523e+02
-8.637224841790909977e+02
-8.595107750982828065e+02
-8.592568439134925029e+02
-8.684547948072570307e+02
-8.606753872825321423e+02
-8.641700711437287055e+02
-8.675457518464633040e+02
-8.606062305782205613e+02
-8.643723752339825523e+02
-8.647537967583941736e+02
-8.617627882959131966e+02
-8.618707816450345263e+02
-8.630777125415363571e+02
-8.660770937122596251e+02
-8.620419121624925083e+02
-8.621973347612540692e+02
-8.594583145641955753e+02
-8.629035292875927325e+02
-8.598966876733015852e+02
-8.637237163419471244e+02
-8.623385185970946623e+02
-8.635989452420477619e+02
-8.639154081408720458e+02
-8.638502886597514134e+02
-8.617234209970231404e+02
-8.641782253555727493e+02
-8.622121410339723298e+02
-8.635978743093342018e+02
-8.613951078759423581e+02
-8.660367179567899711e+02
-8.625277024347435599e+02
-8.610696231559355738e+02
-8.637580494096918073e+02
-8.619601457437889849e+02
-8.623200761005513186e+02
-8.633989129060361165e+02
-8.615306227817316085e+02
-8.581719566471965663e+02
-8.614393192297580981e+02
-8.632327076363085325e+02
-8.626856726502430774e+02
-8.595278581587789404e+02
-8.594076111060312542e+02
-8.600125048609346550e+02
-8.632488114585701169e+02
-8.625324560628359905e+02
-8.614514823347299171e+02
-8.683702022972332770e+02
-8.628283588803010389e+02
-8.601520443546587558e+02
-8.607395172171973172e+02
-8.556460891405638449e+02
-8.596139063698215068e+02
-8.617831363935258651e+02
-8.630120830802007958e+02
-8.642628485123980226e+02
-8.594990997059201163e+02
-8.617364323910854864e+02
-8.590488677112807636e+02
-8.621528481075520176e+02
-8.608430717035620319e+02
-8.640943317294818371e+02
-8.619596876120710931e+02
-8.644355902675704328e+02
-8.610938417292442182e+02
-8.637239751097640692e+02
-8.651792367452884491e+02
-8.581789703314844928e+02
-8.671936960910455809e+02
-8.573408295239441941e+02
-8.623711017332914253e+02
-8.636857213034123788e+02
-8.631147367684118308e+02
-8.659505960368001070e+02
-8.631040091132501857e+02
-8.588149760084077116e+02
-8.627157408221951300e+02
-8.614914804047382404e+02
-8.666418766618713789e+02
-8.597837255830100958e+02
-8.605056456351218230e+02
-8.615008819041659081e+02
-8.676483513896586146e+02
-8.605879493017216646e+02
-8.622503812426870127e+02
-8.644334923279332088e+02
-8.665583087528564192e+02
-8.644357602449483693e+02
-8.667624073409771199e+02
-8.629976895936185883e+02
-8.638292602201672707e+02
-8.599303410997426909e+02
-8.636923292606733185e+02
-8.599694315587964866e+02
-8.637494770823235513e+02
-8.657858799619592673e+02
-8.616558797996033263e+02
-8.610694110497890961e+02
-8.589040392384810048e+02
-8.646967183422234484e+02
-8.629297700785409688e+02
-8.595011567794400662e+02
-8.604370396110490447e+02
-8.630433426562574368e+02
-8.624391786043611319e+02
-8.593127351009410404e+02
-8.622722293602574837e+02
-8.673040909534968250e+02
-8.622281207343163487e+02
-8.627650433292990328e+02
-8.642132080068126925e+02
-8.625523132105081459e+02
-8.605119061133138985e+02
-8.629703153812854453e+02
-8.636165030605380935e+02
-8.629747698798759075e+02
-8.611505084882992378e+02
-8.589856844003079459e+02
-8.627022942036081758e+02
-8.615576898505752297e+02
-8.619161385573233929e+02
-8.636740701896700330e+02
-8.632482902389598394e+02
-8.592582939104913748e+02
-8.611378667976150609e+02
-8.663439364409317704e+02
-8.607979869149983188e+02
-8.606573430188843759e+02
-8.588680481614903783e+02
-8.620653991801161737e+02
-8.654715935836745757e+02
-8.636995081207692238e+02
-8.634571864655198397e+02
-8.617782388457594607e+02
-8.631720655740673465e+02
-8.600111469221310472e+02
-8.621497625965367888e+02
-8.614685872990743292e+02
-8.655549592734722637e+02
-8.604651413142826186e+02
-8.651609486280173087e+02
-8.588817196513184626e+02
-8.634875916522518082e+02
-8.658228557938427912e+02
-8.646267628754931138e+02
-8.627796861996671396e+02
-8.605936273412751234e+02
-8.649371541639829957e+02
-8.624100919927178666e+02
-8.604532800177594254e+02
-8.641001522294112647e+02
-8.616028716623260379e+02
-8.645727223770735463e+02
-8.655864596412325227e+02
-8.634213196352008026e+02
-8.644809164208089669e+02
-8.650263402852136778e+02
-8.604672551074161220e+02
-8.643301178016821495e+02
-8.593371984944551514e+02
-8.623846470885333702e+02
-8.597363229237582800e+02
-8.630402268832850723e+02
-8.601230884538189230e+02
-8.649629167450814293e+02
-8.665698461355992777e+02
-8.670581706868206311e+02
-8.587327705525560759e+02
-8.614370270052297656e+02
-8.624088961898405614e+02
-8.624488326500750190e+02
-8.633543465393541965e+02
-8.600704071061611558e+02
-8.634249951061699448e+02
-8.610660741691110616e+02
-8.666448522355092337e+02
-8.662555051277640814e+02
-8.626153404553975861e+02
-8.585402166593564743e+02
-8.619247480405231272e+02
-8.612988348337324851e+02
-8.608507710482724633e+02
-8.637730727328395233e+02
-8.646461732167443870e+02
-8.601924754044864585e+02
-8.592242904398401606e+02
-8.644201604787529050e+02
-8.630674438827486483e+02
-8.659680303496079432e+02
-8.654636473185661316e+02
-8.653136490688880258e+02
-8.602675568585041219e+02
-8.596748749618037664e+02
-8.614617495752557943e+02
-8.607928911762099915e+02
-8.663507384521514041e+02
-8.655222326150868639e+02
-8.622033179309280513e+02
-8.638178487838648607e+02
-8.618986631127278315e+02
-8.596688571476191782e+02
-8.600463922111049442e+02
-8.613777537076470026e+02
-8.629613186051790308e+02
-8.628927736371656465e+02
-8.661950687305951533e+02
-8.660400477749941501e+02
-8.650820225071582854e+02
-8.639556344413551869e+02
-8.641860478186099499e+02
-8.613517002691515927e+02
-8.608551256044883075e+02
-8.647161084855647459e+02
-8.621345519095260670e+02
-8.653625503506199266e+02
-8.635190995998943890e+02
-8.649569346925494528e+02
-8.641681014320204213e+02
-8.657514698420135346e+02
-8.648727500446955219e+02
-8.649916581841530387e+02
-8.666027455839326876e+02
-8.658610438258942850e+02
-8.606693604651278520e+02
-8.581185811166818667e+02
-8.600798174911157048e+02
-8.615955086784036894e+02
-8.616630281944350145e+02
-8.628682855162020360e+02
-8.631285711496656177e+02
-8.639367089312072494e+02
-8.623812326023037258e+02
-8.602851158317670297e+02
-8.610414456810194679e+02
-8.630095665911080687e+02
-8.614573519235669892e+02
-8.595776494984872897e+02
-8.663755463930525593e+02
-8.624528747949146918e+02
-8.651612341068498608e+02
-8.603912380547186558e+02
-8.661420786298672283e+02
-8.627475697199221258e+02
-8.622809209361631702e+02
-8.629135648105356040e+02
-8.662238931103507866e+02
-8.603032291789866122e+02
-8.657759681684391353e+02
-8.650034332952890281e+02
-8.633306299846581169e+02
-8.681604211443321901e+02
-8.650864910518299666e+02
-8.639187794219787975e+02
-8.617673482666425571e+02
-8.607475455136523124e+02
-8.641405277008728945e+02
-8.659598360042785998e+02
-8.606579890672268220e+02
-8.622014550156491168e+02
-8.625187152966311714e+02
-8.621228379484416564e+02
-8.620409564511008966e+02
-8.619599010950648790e+02
-8.633001092492430644e+02
-8.635902766681466574e+02
-8.686066984731571665e+02
-8.645491973599266657e+02
-8.615003164841432408e+02
-8.635152191358502023e+02
-8.624898235224507062e+02
-8.628435834879508093e+02
-8.616386754386639950e+02
-8.639932054895433566e+02
-8.681073870652529649e+02
-8.607549191336562444e+02
-8.650995015240107477e+02
-8.651404721267136892e+02
-8.624861225109210636e+02
-8.641618590598138780e+02
-8.665420215413604410e+02
-8.642670392132024517e+02
-8.631867596339130841e+02
-8.598233227622575896e+02
-8.636935644992634025e+02
-8.616725540816381681e+02
-8.640377137247824066e+02
-8.611259768375987278e+02
-8.619453992390642725e+02
-8.622404488229983599e+02
-8.611576208663634588e+02
-8.592505699131633037e+02
-8.610496296221172088e+02
-8.607929692487816737e+02
-8.618637418569576312e+02
-8.603081544660268491e+02
-8.673121999364446992e+02
-8.589738544670772171e+02
-8.648855040297977439e+02
-8.697700655133239707e+02
-8.646142303540054854e+02
-8.620095672744951116e+02
-8.657526824032879631e+02
-8.674900586885268012e+02
-8.624366237382472491e+02
-8.666294783019366150e+02
-8.626706360141695313e+02
-8.625447639327894649e+02
-8.631506320161264512e+02
-8.619650906416472935e+02
-8.594778290303079302e+02
-8.661193814108014521e+02
-8.601184637065844072e+02
-8.646024346919325581e+02
-8.619566802470317270e+02
-8.637469627933697893e+02
-8.631763957549090946e+02
-8.601444147317131410e+02
-8.633247226049694518e+02
-8.658537418002551931e+02
-8.618228951072086375e+02
-8.635718883801072252e+02
-8.623566143868147265e+02
-8.618728504541993516e+02
-8.644146047026164297e+02
-8.588237531213034117e+02
-8.608081218072798038e+02
-8.650923688517995060e+02
-8.620218566980630612e+02
-8.618146873170245499e+02
-8.582604237839598227e+02
-8.669262414648362665e+02
-8.569755622264545991e+02
-8.624599536902562704e+02
-8.612745289426003410e+02
-8.631133878721716428e+02
-8.624294194581826787e+02
-8.608931238086350959e+02
-8.648182182543964700e+02
-8.654673599664192807e+02
-8.620171181826491420e+02
-8.680586857209415257e+02
-8.556322940864066595e+02
-8.608917109412834634e+02
-8.629454295192302880e+02
-8.610289623522842248e+02
-8.647114823735556683e+02
-8.610486584244184769e+02
-8.615368312185731838e+02
-8.639992746226213285e+02
-8.627210078749343438e+02
-8.625568809673719670e+02
-8.645110813819794657e+02
-8.639907127472461070e+02
-8.627896436054172682e+02
-8.638699343274172406e+02
-8.644304936630987868e+02
-8.650251757858798101e+02
-8.615365134389887771e+02
-8.658240557438953147e+02
-8.605892932303518137e+02
-8.597145392263849999e+02
-8.614087909798622604e+02
-8.640833462868417882e+02
-8.634284560161474928e+02
-8.650153782595290295e+02
-8.641166997867866257e+02
-8.614644238795602860e+02
-8.646404387650536592e+02
-8.621598222432853618e+02
-8.639384011818556246e+02
-8.648968614049815642e+02
-8.646218397563022791e+02
-8.677380046967697353e+02
-8.578241197079504445e+02
-8.573404961802787057e+02
-8.654914535253009262e+02
-8.586675536093694063e+02
-8.625494046941539636e+02
-8.661643357408455586e+02
-8.633429583569135275e+02
-8.604055542302218100e+02
-8.592529299027594334e+02
-8.611179503118196408e+02
-8.632095569457110287e+02
-8.617296877655517164e+02
-8.584372117485776243e+02
-8.639651181628254335e+02
-8.630393436674032728e+02
-8.633409106871289396e+02
-8.602785186342254065e+02
-8.579612957941186551e+02
-8.649507029854539724e+02
-8.614862977544909199e+02
-8.648986080977537085e+02
-8.611002910294840831e+02
-8.657598213847164743e+02
-8.606092753743209869e+02
-8.656874783007143606e+02
-8.646426244315535996e+02
-8.625393603917065093e+02
-8.622619426392491278e+02
-8.643943144931932920e+02
-8.656956001933416474e+02
-8.603838243452352117e+02
-8.625188233592269853e+02
-8.581216539823451512e+02
-8.652876757914850714e+02
-8.605134464408107533e+02
-8.582182451503986158e+02
-8.643418398450093036e+02
-8.623750209638476463e+02
-8.581657467591167006e+02
-8.644459470238699623e+02
-8.635311517162771224e+02
-8.679242388934279688e+02
-8.653416043067202281e+02
-8.609709944365012007e+02
-8.596396924389797505e+02
-8.627510824850694462e+02
-8.610270418069580955e+02
-8.610334801339209889e+02
-8.611659097849218369e+02
-8.610792710545147202e+02
-8.611356677015601235e+02
-8.587149846034183156e+02
-8.613167181581302430e+02
-8.623309626169242392e+02
-8.656555734736095928e+02
-8.623629874195553384e+02
-8.638971224566785168e+02
-8.648514868045217554e+02
-8.647297598054445871e+02
-8.615561590639575797e+02
-8.656840260382455199e+02
-8.634946012066122876e+02
-8.610822574131849478e+02
-8.581485786504380258e+02
-8.650349122289010211e+02
-8.604886083937242347e+02
-8.611780359545259671e+02
-8.614539344018022575e+02
-8.603420929096181453e+02
-8.644428949393442281e+02
-8.631181579887378348e+02
-8.672334434570672101e+02
-8.643917782571288626e+02
-8.619305124834877461e+02
-8.602977277875093023e+02
-8.614976657533717344e+02
-8.624593476977337332e+02
-8.590953863515661624e+02
-8.663280160092922415e+02
-8.641704628495668885e+02
-8.624547117893200721e+02
-8.650349578963433714e+02
-8.652682951906766675e+02
-8.653521938864631693e+02
-8.620315694758991185e+02
-8.593256444430435295e+02
-8.634894236543512989e+02
-8.635139016563676932e+02
-8.652546774836285977e+02
-8.638482312999071837e+02
-8.658997663979317849e+02
-8.585916211909235471e+02
-8.647829226905038240e+02
-8.665519147935603996e+02
-8.603166551429637821e+02
-8.616521164016596686e+02
-8.570918601475628975e+02
-8.584343259179398729e+02
-8.606154191359468086e+02
-8.633809229075933445e+02
-8.616658969155595287e+02
-8.616064821665393083e+02
-8.680824746681673787e+02
-8.651922502863365025e+02
-8.605783325199001865e+02
-8.618750051754735750e+02
-8.635061504686354965e+02
-8.626297730929377394e+02
-8.634979512090102389e+02
-8.625692668342891238e+02
-8.648155434257064371e+02
-8.650898157949397955e+02
-8.651523984272600956e+02
-8.606586266417078832e+02
-8.618391574004975837e+02
-8.624491397308152045e+02
-8.639656647629764166e+02
-8.603435988067003564e+02
-8.621912424574748002e+02
-8.609573692796510613e+02
-8.696787478539018821e+02
-8.622218954035726028e+02
-8.633210804958205244e+02
-8.570956549274002327e+02
-8.656507228382723724e+02
-8.641879866081983437e+02
-8.607684523530650722e+02
-8.619125387498464761e+02
-8.640908533802049760e+02
-8.660732330937584038e+02
-8.634546304092281162e+02
-8.659656086593495274e+02
-8.655906209100750175e+02
-8.626628059683616812e+02
-8.630156034660825526e+02
-8.639127664939308033e+02
-8.615766787325966334e+02
-8.620137507897327396e+02
-8.619076278360511196e+02
-8.633671655328388397e+02
-8.642755354309928180e+02
-8.630464537779555485e+02
-8.575432828268571939e+02
-8.635967291710202289e+02
-8.616228423430826524e+02
-8.594914644774880799e+02
-8.669399103416095613e+02
-8.642472460759869364e+02
-8.665211547552296452e+02
-8.635299504150372059e+02
-8.603495657333282907e+02
-8.631595291730611734e+02
-8.583232902154991280e+02
-8.626235838743843942e+02
-8.611623475751528076e+02
-8.593519439100467707e+02
-8.680362810961884179e+02
-8.636001183377348980e+02
-8.634334619120455727e+02
-8.660395570084642713e+02
-8.656929562030787793e+02
-8.601921418627457570e+02
-8.631675133558139805e+02
-8.644515082348229953e+02
-8.639346400526910656e+02
-8.639324616685778437e+02
-8.602190784822238356e+02
-8.663778392372956887e+02
-8.633566418725570202e+02
-8.610461238395753298e+02
-8.644468296104547562e+02
-8.616743902672843660e+02
-8.638544633341352892e+02
-8.624784742944187883e+02
-8.657058741805510635e+02
-8.649723005330322394e+02
-8.618780464033517319e+02
-8.625080517908263573e+02
-8.630378105857339506e+02
-8.639074430298722973e+02
-8.661436641350391028e+02
-8.657381700507758069e+02
-8.642472907211418942e+02
-8.639608299575663750e+02
-8.609380878754503783e+02
-8.588384250181876496e+02
-8.639612773341123102e+02
-8.620207072227532308e+02
-8.657759589508490308e+02
-8.627591634110942778e+02
-8.680094110777949936e+02
-8.631912348860527118e+02
-8.622735159484352607e+02
-8.649235175636067652e+02
-8.643230284318597114e+02
-8.649164999082233862e+02
-8.597588750563163558e+02
-8.583525490232508446e+02
-8.641562538226912693e+02
-8.672509364822429916e+02
-8.633251382898365591e+02
-8.622031805379803018e+02
-8.642632633123040478e+02
-8.624795555565001450e+02
-8.597074013047368908e+02
-8.622347879101283752e+02
-8.642098675881951522e+02
-8.629783236243572446e+02
-8.633403673707174448e+02
-8.661190078544797188e+02
-8.621802008415858154e+02
-8.679671596024983273e+02
-8.645983400489136557e+02
-8.651151442547321722e+02
-8.656966514979864087e+02
-8.606389467496732095e+02
-8.624795465971634485e+02
-8.637174175528394926e+02
-8.589522342183969386e+02
-8.676551742851632980e+02
-8.584919752139303455e+02
-8.619413160321852274e+02
-8.643856722283401268e+02
-8.645487109482007781e+02
-8.658383364843740537e+02
-8.650935551308290314e+02
-8.629624655872041785e+02
-8.652544119010541408e+02
-8.608097745316097189e+02
-8.620219627524052157e+02
-8.593988837906168783e+02
-8.687571372406426917e+02
-8.628965194411016455e+02
-8.614738036016445903e+02
-8.629362444737308806e+02
-8.641735041449823029e+02
-8.641936551743435757e+02
-8.656769516888632552e+02
-8.634269792865492263e+02
-8.648020182727328802e+02
-8.601206986517332780e+02
-8.616927617081842072e+02
-8.616520873726223044e+02
-8.640353015574871733e+02
-8.636185012256565869e+02
-8.648452604920936437e+02
-8.634467069617902553e+02
-8.619643625926416917e+02
-8.656089642044344146e+02
-8.639800923010968745e+02
-8.672571649908676363e+02
-8.614546966558626764e+02
-8.632414880856185846e+02
-8.605403560136561509e+02
-8.673414033987004359e+02
-8.617365354125569183e+02
-8.649373929931573457e+02
-8.628261106941724847e+02
-8.648749028588118790e+02
-8.589936643685446143e+02
-8.683620752633721622e+02
-8.647799656578807799e+02
-8.601730099601817301e+02
-8.623810814730148877e+02
-8.647600827471363800e+02
-8.635808752762220593e+02
-8.628434965630493707e+02
-8.638388141383250058e+02
-8.625326898146803387e+02
-8.640636594975630942e+02
-8.615106307347592747e+02
-8.614726130644936575e+02
-8.610922147349621127e+02
-8.604823856193531810e+02
-8.635712107417784864e+02
-8.676053242763456410e+02
-8.584887125614270644e+02
-8.631738303771853680e+02
-8.644169067603879739e+02
-8.633575474415745248e+02
-8.652784812013484270e+02
-8.614748570842515392e+02
-8.619695101012327996e+02
-8.639475803215366341e+02
-8.631702212294350147e+02
-8.632723689236172504e+02
-8.614802900010796520e+02
-8.593089300041256138e+02
-8.636918923140896140e+02
-8.625200024031124713e+02
-8.647947451228171758e+02
-8.633624320609950473e+02
-8.656686098994224494e+02
-8.602430247615011467e+02
-8.668790143608368908e+02
-8.637466038872479430e+02
-8.620948413492784539e+02
-8.600404658774665450e+02
-8.655838693683836027e+02
-8.644526077582961534e+02
-8.603003239770085884e+02
-8.629188147400902835e+02
-8.615693836650739286e+02
-8.644107954691315854e+02
-8.608694252377672456e+02
-8.639974266352788845e+02
-8.645216152363159381e+02
-8.609577999071254908e+02
-8.618843742918672888e+02
-8.629088829456770782e+02
-8.619347205611535401e+02
-8.595481658794925579e+02
-8.592147307359352908e+02
-8.651297709665133198e+02
-8.645848504084339083e+02
-8.609139383031035777e+02
-8.631684769286284791e+02
-8.642758719197915980e+02
-8.634121466745908720e+02
-8.622645273998988387e+02
-8.691449826065093021e+02
-8.621165217346637064e+02
-8.629929336853925861e+02
-8.623472696261007968e+02
-8.632217084572487238e+02
-8.610802297197398048e+02
-8.607687506235773753e+02
-8.618233389021100948e+02
-8.620352287354804730e+02
-8.647649452101524048e+02
-8.667334874030681249e+02
-8.630352576437512653e+02
-8.611643793190535234e+02
-8.622435567200502646e+02
-8.592933307139845738e+02
-8.608942980443741817e+02
-8.630393336552938308e+02
-8.622348070422708588e+02
-8.595542393905348035e+02
-8.666815694560466454e+02
-8.613473674656409003e+02
-8.616201792835839797e+02
-8.645718008990670569e+02
-8.636860993706718546e+02
-8.623928870352037848e+02
-8.624376093736325402e+02
-8.598105563728001925e+02
-8.636395491629073149e+02
-8.630847239956600561e+02
-8.638503233105625441e+02
-8.621007543799933046e+02
-8.620116109165479656e+02
-8.626240396207812182e+02
-8.622589903490511460e+02
-8.658737133229404890e+02
-8.586647892123654628e+02
-8.642138522603012234e+02
-8.637515730541383618e+02
-8.634796235018969810e+02
-8.632980277463010452e+02
-8.643403921417536822e+02
-8.609784712747483582e+02
-8.626291160676645404e+02
-8.652072008790885320e+02
-8.588495306291633824e+02
-8.623853383750725925e+02
-8.606578920646300048e+02
-8.611297449568206730e+02
-8.604524282265707598e+02
-8.603841519218406120e+02
-8.654188485320379414e+02
-8.567663756606773404e+02
-8.654720786004346564e+02
-8.634568015641063994e+02
-8.625645954622987119e+02
-8.632133628226154087e+02
-8.623348872154475657e+02
-8.596313333943191992e+02
-8.615155131066462673e+02
-8.654489277626107651e+02
-8.611362015081285790e+02
-8.620463193107651705e+02
-8.638307063217656605e+02
-8.618389242671988768e+02
-8.588562630111775889e+02
-8.622291500768119477e+02
-8.638088578428594246e+02
-8.621946277453865832e+02
-8.620047377862595113e+02
-8.624746536738247187e+02
-8.612384158569618648e+02
-8.607124712063327934e+02
-8.616134703212680961e+02
-8.620281516621475930e+02
-8.590685778510795672e+02
-8.661750926613772208e+02
-8.612013563832304044e+02
-8.594174330239180790e+02
-8.648478375956243553e+02
-8.638190535376193111e+02
-8.604610235049259472e+02
-8.639307656503552835e+02
-8.612322115184605309e+02
-8.590797944129629968e+02
-8.606182243255790354e+02
-8.566037168883991626e+02
-8.605675020677634848e+02
-8.605866284747105510e+02
-8.627962573868787786e+02
-8.627587930669004663e+02
-8.615877451213978020e+02
-8.616628386330952480e+02
-8.620900789958656105e+02
-8.603567830063748261e+02
-8.619137497953609000e+02
-8.626859283005377392e+02
-8.655309646678704212e+02
-8.635731938802850891e+02
-8.680885582261213358e+02
-8.618458202691599581e+02
-8.607523801071997696e+02
-8.609014475104215762e+02
-8.623874667506704554e+02
-8.642905758615512468e+02
-8.664848983790099055e+02
-8.612320474830295325e+02
-8.626571145504293554e+02
-8.616872990029037283e+02
-8.633472347122670953e+02
-8.672395233563559032e+02
-8.654097411607554022e+02
-8.600309437812057922e+02
-8.612986690982022537e+02
-8.603762579808368400e+02
-8.621720189416155335e+02
-8.628022782764361409e+02
-8.599464999761446506e+02
-8.694965120845001820e+02
-8.669689207907715627e+02
-8.630123673299256097e+02
-8.657168115266789528e+02
-8.646977102837684015e+02
-8.620445696616284295e+02
-8.626715755555584337e+02
-8.684720170640104016e+02
-8.623218386100506905e+02
-8.664183403633045373e+02
-8.622988718352326032e+02
-8.664576485426505315e+02
-8.592033571002939425e+02
-8.669721683683367246e+02
-8.609745270168485831e+02
-8.622337514987802933e+02
-8.667903363042288447e+02
-8.596433422792782721e+02
-8.636273642199153073e+02
-8.623656954145538975e+02
-8.584408213957997305e+02
-8.631636399067391494e+02
-8.688957161030789393e+02
-8.629869018069911135e+02
-8.593561030904290874e+02
-8.635527385125395767e+02
-8.654652089796682048e+02
-8.638213672655298296e+02
-8.610022941568864780e+02
-8.616944806074480994e+02
-8.630885165040651827e+02
-8.653990809778455287e+02
-8.662760118316516582e+02
-8.619726554012643192e+02
-8.642993545658405310e+02
-8.626964255860179946e+02
-8.603839089956758244e+02
-8.604042638725265988e+02
-8.644905071742899736e+02
-8.643040072025471545e+02
-8.629482468397548018e+02
-8.675161154643584496e+02
-8.638376173515050596e+02
-8.642243115448388835e+02
-8.637763717652668447e+02
-8.608216066110604743e+02
-8.631537074204421742e+02
-8.617468758588674973e+02
-8.610525434392690158e+02
-8.601258070610530240e+02
-8.598405854397185522e+02
-8.611258034040235998e+02
-8.648026127106398917e+02
-8.624338971399116645e+02
-8.667362898985205675e+02
-8.632183347000604954e+02
-8.603757581408774513e+02
-8.623885119083776090e+02
-8.622434277699735503e+02
-8.633916803842522540e+02
-8.605731200859740966e+02
-8.581307206519538795e+02
-8.633793007333251808e+02
-8.586017661898536062e+02
-8.636235972546148787e+02
-8.601451577260668273e+02
-8.611110690671409884e+02
-8.617757924698191800e+02
-8.636753048210902080e+02
-8.638045375759269291e+02
-8.663402609397754759e+02
-8.611963387431954970e+02
-8.628406475299051408e+02
-8.632644743145839357e+02
-8.635419679260803605e+02
-8.616554591337904867e+02
-8.598679875113233493e+02
-8.643479189309769026e+02
-8.656432197431884106e+02
-8.640154565848978336e+02
-8.690005040971317385e+02
-8.671375114048894375e+02
-8.658074283090579684e+02
-8.594911739505978403e+02
-8.639747481592688700e+02
-8.605763706186389754e+02
-8.645557446518785127e+02
-8.604970673821471792e+02
-8.636222213041781970e+02
-8.642936274962257812e+02
-8.653862917610765635e+02
-8.631152738866861682e+02
-8.621612455168533415e+02
-8.590753594630044745e+02
-8.617448831452877585e+02
-8.616647118046091691e+02
-8.629690868442851297e+02
-8.653016958646337571e+02
-8.577281378967934415e+02
-8.622580557988389955e+02
-8.635747257116441915e+02
-8.674698525486292056e+02
-8.674323892435435255e+02
-8.612839458380501583e+02
-8.626874957725549393e+02
-8.611240800015758623e+02
-8.659860342655604200e+02
-8.673781231542072874e+02
-8.627832371568520102e+02
-8.658836613152919881e+02
-8.655078050159862642e+02
-8.621892899168655049e+02
-8.614868555417634752e+02
-8.633632843906048038e+02
-8.629610656915058371e+02
-8.593671683240456787e+02
-8.635784514844882551e+02
-8.646844866561414165e+02
-8.624704547212613761e+02
-8.649704665948116826e+02
-8.627273776237507263e+02
-8.628283264188598878e+02
-8.637976318272673097e+02
-8.657846832652713829e+02
-8.631357361963988524e+02
-8.613122032263734127e+02
-8.628583787465883006e+02
-8.621447621952661393e+02
-8.615133611208408411e+02
-8.614678194368087816e+02
-8.677165511592058920e+02
-8.605044064559267554e+02
-8.620758332253935805e+02
-8.607444081659731410e+02
-8.621806506609682401e+02
-8.631502973906765419e+02
-8.642430484516913793e+02
-8.657233328628011577e+02
-8.577742905159070688e+02
-8.606804600030928896e+02
-8.646448834681732478e+02
-8.641161199480046662e+02
-8.602649864949419225e+02
-8.640147424874086255e+02
-8.652852351044500665e+02
-8.620543628196460304e+02
-8.623678164894706697e+02
-8.648395873194631349e+02
-8.660736626178181723e+02
-8.639191910703447093e+02
-8.663688961536593069e+02
-8.620082026496850176e+02
-8.613496312538328539e+02
-8.641243073908260612e+02
-8.594615631197364110e+02
-8.605683445211469689e+02
-8.636820962333538318e+02
-8.632142532086187430e+02
-8.626335367335766477e+02
-8.662225419709237713e+02
-8.596897118357148884e+02
-8.648377772295600607e+02
-8.623793589495882088e+02
-8.607026700586916377e+02
-8.620078709810261444e+02
-8.626433223866640674e+02
-8.649926904566874555e+02
-8.658926222542179403e+02
-8.612109655759012412e+02
-8.591634905726452871e+02
-8.587598947269308383e+02
-8.628149521107666260e+02
-8.649407002065439656e+02
-8.612339479784559444e+02
-8.630925484259460063e+02
-8.639695713893498805e+02
-8.599308434351902406e+02
-8.635843243047805800e+02
-8.621460928543710907e+02
-8.631723609737847482e+02
-8.636465148326043391e+02
-8.657163760111682222e+02
-8.611674218601725670e+02
-8.634494553003173678e+02
-8.618057224037748938e+02
-8.613390611505897141e+02
-8.644751963024179986e+02
-8.636126474287904102e+02
-8.660895380625543112e+02
-8.637667830538609905e+02
-8.639547749257277474e+02
-8.629829964408544356e+02
-8.635217663944700917e+02
-8.655166285875944823e+02
-8.626646070716444683e+02
-8.688767325719294377e+02
-8.628933683067344873e+02
-8.647514209915186711e+02
-8.606255151552398956e+02
-8.596493631365145802e+02
-8.614760045747170807e+02
-8.648485961819264958e+02
-8.617726230869753863e+02
-8.665020291530004215e+02
-8.629424051223475090e+02
-8.662735427920812299e+02
-8.595152584994550580e+02
-8.636894530899395477e+02
-8.620755674524114056e+02
-8.627058772693060291e+02
-8.616929562139262089e+02
-8.615754583585959381e+02
-8.634152927619433058e+02
-8.607670520241558734e+02
-8.612087568105556556e+02
-8.662386868364187649e+02
-8.611063860723272683e+02
-8.620375273501824722e+02
-8.643737848168979099e+02
-8.591057815522558485e+02
-8.633141519244559277e+02
-8.621767374885829440e+02
-8.639614109771825952e+02
-8.573793165119043351e+02
-8.625980858420300592e+02
-8.614234014891372908e+02
-8.669954896036433638e+02
-8.635978426352996848e+02
-8.631463625638461963e+02
-8.638669126946157348e+02
-8.655400856252268795e+02
-8.682917370665747967e+02
-8.622778914228672420e+02
-8.637688331553778198e+02
-8.603636272567523520e+02
-8.619224227237989453e+02
-8.577570180883765261e+02
-8.620298961611512141e+02
-8.657528830729636411e+02
-8.645662351742751071e+02
-8.624358663352398935e+02
-8.654830178703507499e+02
-8.633591478453132595e+02
-8.625800863624598378e+02
-8.626801597044684513e+02
-8.668658913637627847e+02
-8.646780609659981565e+02
-8.638639480295776139e+02
-8.607927849745558433e+02
-8.646832801131531596e+02
-8.651566156256045588e+02
-8.640199911574093221e+02
-8.625254947631578943e+02
-8.641246935766963588e+02
-8.620346559880628092e+02
-8.593863742661613969e+02
-8.588983102926983975e+02
-8.641767594809878119e+02
-8.637152877505047854e+02
-8.621085652661706717e+02
-8.644531154257792878e+02
-8.648641085840278038e+02
-8.655727011066372825e+02
-8.622681520138017959e+02
-8.640366225500287101e+02
-8.613634904498113656e+02
-8.580814400714186831e+02
-8.626300303801397149e+02
-8.630654488883646991e+02
-8.631426486900612645e+02
-8.600203240629776928e+02
-8.622346791035167826e+02
-8.606184805448401676e+02
-8.608811676166498046e+02
-8.651424444166453895e+02
-8.610140155457986566e+02
-8.653677563866043556e+02
-8.643508188329304858e+02
-8.646009487584932458e+02
-8.650800633244950859e+02
-8.628973264605392615e+02
-8.633951478131417616e+02
-8.641506790176268851e+02
-8.625560806502559217e+02
-8.596484394712535959e+02
-8.652924951280223240e+02
-8.670123456641919120e+02
-8.629792849907969412e+02
-8.665182767877487322e+02
-8.656514004484344014e+02
-8.622223475164876163e+02
-8.621679748273871837e+02
-8.650659322303388308e+02
-8.705693279043105122e+02
-8.648084541147999289e+02
-8.666369869940685930e+02
-8.701561173008680043e+02
-8.605783832366839761e+02
-8.648378744713166952e+02
-8.611123884331007048e+02
-8.641929506303141579e+02
-8.600731916044147738e+02
-8.646353411362645147e+02
-8.622127444968618875e+02
-8.611850679601568572e+02
-8.622837224959274636e+02
-8.593951277021907345e+02
-8.600960032384965643e+02
-8.633368703653633247e+02
-8.623894744820853475e+02
-8.613569797556541516e+02
-8.627960200162082174e+02
-8.637154841889123418e+02
-8.617415180356250630e+02
-8.638950467036431746e+02
-8.611651669185829405e+02
-8.605811684170665785e+02
-8.650729334180731485e+02
-8.637226016935970847e+02
-8.671279061611274983e+02
-8.630174126688737033e+02
-8.616018385431802926e+02
-8.627469324888004394e+02
-8.612729689712194840e+02
-8.612983087012339638e+02
-8.638307606584960467e+02
-8.625627227414349818e+02
-8.630348395042557286e+02
-8.639908356234548137e+02
-8.627857302745720744e+02
-8.622319459891855331e+02
-8.619315074764490419e+02
-8.660334409827692070e+02
-8.613115766638636615e+02
-8.611766029218282483e+02
-8.630256073557851551e+02
-8.635349826788922201e+02
-8.630805908379786615e+02
-8.655173432034888492e+02
-8.658139196162856024e+02
-8.621247658549074231e+02
-8.618483934103055617e+02
-8.635441660907553114e+02
-8.626104201498297925e+02
-8.612944229989726637e+02
-8.635831222830958041e+02
-8.622871450098438117e+02
-8.642453381538099393e+02
-8.592345983848795186e+02
-8.611294021026101291e+02
-8.605718177996238865e+02
-8.612833485159613929e+02
-8.614740670119342667e+02
-8.641570538978430704e+02
-8.602598533289341276e+02
-8.634459098859579171e+02
-8.649241358259050685e+02
-8.659515373691292552e+02
-8.621579505493896249e+02
-8.632574396588474883e+02
-8.628431892211568766e+02
-8.623562066387131608e+02
-8.616972139339397927e+02
-8.621329473441227265e+02
-8.624599244369394455e+02
-8.623971436506902819e+02
-8.656854430126053330e+02
-8.605771921484571294e+02
-8.589378082820237523e+02
-8.653133702113918844e+02
-8.646274678707086423e+02
-8.627859649888220019e+02
-8.610878439532285711e+02
-8.660276718998339902e+02
-8.635183295469192899e+02
-8.673331557679540538e+02
-8.617452802300226722e+02
-8.651058039120276817e+02
-8.632600050811705614e+02
-8.646578457193307941e+02
-8.593473201975270968e+02
-8.627428793757926542e+02
-8.611974695879902129e+02
-8.638378356547627845e+02
-8.674871880588622162e+02
-8.639880021328704061e+02
-8.648087236311341712e+02
-8.578158000040932620e+02
-8.588566519839865805e+02
-8.617078093534812524e+02
-8.627102951864336546e+02
-8.653731139563994930e+02
-8.620926740991720862e+02
-8.613647183873553104e+02
-8.631183144317212736e+02
-8.619556767995702558e+02
-8.655753558082632253e+02
-8.652751420057162477e+02
-8.646346874343457785e+02
-8.592931579445964871e+02
-8.584480663167114471e+02
-8.668027854900731199e+02
-8.601011613697241955e+02
-8.606942640233171460e+02
-8.628241221483832533e+02
-8.637498554856413193e+02
-8.653021525110892753e+02
-8.632196661021019963e+02
-8.622635735554291614e+02
-8.612117763654539431e+02
-8.641431179604298904e+02
-8.656962783782673796e+02
-8.639316896523981768e+02
-8.605411424760424097e+02
-8.649370426797200935e+02
-8.635773776058545081e+02
-8.583981136113138746e+02
-8.559879501441316734e+02
-8.556458739281893031e+02
-8.664122558411056616e+02
-8.621316162405291834e+02
-8.616005460777034841e+02
-8.636237131649082812e+02
-8.652682741743892620e+02
-8.621644222838617679e+02
-8.667351108469241581e+02
-8.654525101353016225e+02
-8.677489301134461357e+02
-8.635102865357162045e+02
-8.599171409660724521e+02
-8.656395295485756378e+02
-8.646677870814498874e+02
-8.614277733366390066e+02
-8.608353740579151463e+02
-8.595001703240654933e+02
-8.656713303572109908e+02
-8.624442997807061602e+02
-8.602168650284900195e+02
-8.611604131894982856e+02
-8.629141789397710909e+02
-8.617722996681562790e+02
-8.683814153424926872e+02
-8.587575347333928448e+02
-8.648983553196303546e+02
-8.607026538258847950e+02
-8.628545733544106042e+02
-8.601252922017438323e+02
-8.617688512039159150e+02
-8.648233586075423318e+02
-8.661452268939256101e+02
-8.583314548155219654e+02
-8.594189631631115844e+02
-8.628417236156643639e+02
-8.619828822157730883e+02
-8.612438563630729504e+02
-8.596473634988230970e+02
-8.591341778745334068e+02
-8.592392195251528619e+02
-8.600970257505302925e+02
-8.636836860134490053e+02
-8.647208673507088861e+02
-8.605661583406733826e+02
-8.617095022590391409e+02
-8.633298715819554445e+02
-8.612567415359909546e+02
-8.614170124367913104e+02
-8.595409416780264564e+02
-8.634201741429485537e+02
-8.619940231187878226e+02
-8.652523867331954079e+02
-8.610120208577091034e+02
-8.619424155449837599e+02
-8.608305798400402864e+02
-8.626956208773659682e+02
-8.623711184694603844e+02
-8.644422954827749663e+02
-8.647687059599920758e+02
-8.609339132376043153e+02
-8.622378879686330038e+02
-8.601197906982235963e+02
-8.645678976168946974e+02
-8.648466053334798289e+02
-8.618462929065858589e+02
-8.642380613506272766e+02
-8.638401768838768930e+02
-8.618385115359393467e+02
-8.592727190137250091e+02
-8.617116586763602299e+02
-8.589317969925947409e+02
-8.663823674136909858e+02
-8.626397614072570832e+02
-8.614299264142124457e+02
-8.634442526170352039e+02
-8.644370520298425618e+02
-8.651876980370075216e+02
-8.616726910302535316e+02
-8.647597026096080981e+02
-8.593308227253958194e+02
-8.649575249891912563e+02
-8.607090496474609154e+02
-8.630752643416798264e+02
-8.589619845847205397e+02
-8.644076588395067802e+02
-8.574766406621674832e+02
-8.611639724975276522e+02
-8.631506357771920648e+02
-8.615080076859219389e+02
-8.613444221478846430e+02
-8.620251425222194257e+02
-8.616389490213865656e+02
-8.605292866683319062e+02
-8.643355573563295593e+02
-8.658175056578853628e+02
-8.638191823531805085e+02
-8.626637501941706887e+02
-8.651898719135760984e+02
-8.606125442669844006e+02
-8.626827246950634844e+02
-8.620033434059416777e+02
-8.615690388917429345e+02
-8.644710841987563299e+02
-8.665599435691287908e+02
-8.625544543617145337e+02
-8.615486859153133992e+02
-8.616167073974780806e+02
-8.643657696658292480e+02
-8.651855568063775763e+02
-8.647554128915710407e+02
-8.588042960385813558e+02
-8.603668352159277219e+02
-8.623167699299951892e+02
-8.641303624588585990e+02
-8.640117023502681377e+02
-8.635501475951714383e+02
-8.599082827922169372e+02
-8.643145094440926641e+02
-8.638552446617547957e+02
-8.622783275260293294e+02
-8.639096812100215175e+02
-8.604131679523371758e+02
-8.624940353472214838e+02
-8.602970414204809231e+02
-8.647362284988377041e+02
-8.608844374744136303e+02
-8.633259657187918492e+02
-8.623997433509239272e+02
-8.679449957108009812e+02
-8.626919691495448888e+02
-8.616940007025846171e+02
-8.614977341684590328e+02
-8.634503580565792618e+02
-8.657738266074915146e+02
-8.599682712037958936e+02
-8.614057347787777417e+02
-8.613713631942167694e+02
-8.625849876263318947e+02
-8.631852840321325857e+02
-8.644109819249530346e+02
-8.638551837373054241e+02
-8.586026161982122176e+02
-8.674452895370515080e+02
-8.608656573817204389e+02
-8.634414908913229283e+02
-8.630373870798114240e+02
-8.649203368680928179e+02
-8.662540039195201871e+02
-8.608025976638427892e+02
-8.622955790599812644e+02
-8.593018231264130691e+02
-8.617962659609160028e+02
-8.657852980641569047e+02
-8.642587192014343600e+02
-8.648156108076565260e+02
-8.625951419334544426e+02
-8.616874359053526859e+02
-8.619215362347595146e+02
-8.615331303015508411e+02
-8.647436236151677349e+02
-8.619499462509410250e+02
-8.596245179737572926e+02
-8.675162143255583942e+02
-8.646159702214558820e+02
-8.639500331165783109e+02
-8.680371022262650058e+02
-8.613967016251194764e+02
-8.664616367226266220e+02
-8.619751304224737396e+02
-8.585077935288707067e+02
-8.641924256851257269e+02
-8.664301355186364617e+02
-8.643374938793583624e+02
-8.639022919006023358e+02
-8.621907399142967279e+02
-8.620432745665229959e+02
-8.620710834107443361e+02
-8.652123492276786010e+02
-8.587159946482380519e+02
-8.622419651090409616e+02
-8.604891883961169015e+02
-8.616040359611998838e+02
-8.587618348358525964e+02
-8.635136188987821697e+02
-8.631514346223402754e+02
-8.606906989991408636e+02
-8.644086814410184161e+02
-8.608861973428042802e+02
-8.602943726849237009e+02
-8.618742969687401683e+02
-8.593499451544380463e+02
-8.609948323654524529e+02
-8.587423205740932417e+02
-8.629329240730552328e+02
-8.605018953630221858e+02
-8.617879555283741411e+02
-8.622668219038378083e+02
-8.621805984285032309e+02
-8.621128412083270405e+02
-8.616211928004750007e+02
-8.643370163498577767e+02
-8.584879200079620887e+02
-8.647423010509987762e+02
-8.622751834917374936e+02
-8.610346292838382851e+02
-8.605804531413023142e+02
-8.651708287724736692e+02
-8.697672832585128617e+02
-8.640735196896416710e+02
-8.612829880383447971e+02
-8.609841016157955664e+02
-8.631484276023765005e+02
-8.647515657152391668e+02
-8.614787958868223541e+02
-8.613448592935549186e+02
-8.610227399605784058e+02
-8.637666885714772889e+02
-8.645436195708281275e+02
-8.657367929496211900e+02
-8.580803576102110810e+02
-8.605905237556662541e+02
-8.651076332840752912e+02
-8.596246479709749337e+02
-8.641061492073761201e+02
-8.623540545174707859e+02
-8.595526622864165347e+02
-8.571308545799008698e+02
-8.650755256725541358e+02
-8.643939589292098162e+02
-8.624281331722598907e+02
-8.629700196340099865e+02
-8.655745412668439940e+02
-8.588367102168556357e+02
-8.634367972097517168e+02
-8.642283153045535755e+02
-8.600384052755192670e+02
-8.623102868575656430e+02
-8.603969890876212503e+02
-8.637708745008951610e+02
-8.603297674423367880e+02
-8.668274326050780019e+02
-8.641664180086854685e+02
-8.645843453486411363e+02
-8.615784171894721339e+02
-8.636848200198918448e+02
-8.594362806990068293e+02
-8.635682548342102791e+02
-8.642320713816058060e+02
-8.608935343429261593e+02
-8.597342880845559421e+02
-8.640863909300019259e+02
-8.644452978800184155e+02
-8.625531438866230474e+02
-8.624213546684610492e+02
-8.621202462232503194e+02
-8.598134658549395226e+02
-8.603341534249319693e+02
-8.623735303699388623e+02
-8.650486088471440098e+02
-8.604227690342389678e+02
-8.625394349488525449e+02
-8.619474847848939589e+02
-8.609794437680370720e+02
