-4.443269599785839091e+03
-3.996441671587611836e+03
-3.733868897288306471e+03
-3.754313638783160059e+03
-3.574795752668406294e+03
-3.474030706504682712e+03
-3.164830450500637198e+03
-3.016722405690690721e+03
-2.915140885737750978e+03
-2.878049506176093928e+03
-2.751670346306173542e+03
-2.562268530353043388e+03
-2.594441288943907239e+03
-2.532544835200602392e+03
-2.384309498095390154e+03
-2.265614758550766965e+03
-2.196647665289937777e+03
-2.205505108151770401e+03
-2.042413827956228943e+03
-2.045827449546603020e+03
-2.020750592402638631e+03
-1.986950461034825821e+03
-1.879333504732048823e+03
-1.845805321014012407e+03
-1.773140126214529118e+03
-1.756882919099337414e+03
-1.759234351041841592e+03
-1.710470610112781287e+03
-1.661950240216427119e+03
-1.644487824801906299e+03
-1.579303021857488147e+03
-1.583781653352700687e+03
-1.576412088676587246e+03
-1.524628521516972114e+03
-1.542944244778666871e+03
-1.507765287279819631e+03
-1.444626567306801007e+03
-1.490203100204970269e+03
-1.411514768757862385e+03
-1.442568137935230197e+03
-1.410601144257196211e+03
-1.381586406350446168e+03
-1.393166112218804756e+03
-1.359355595937982343e+03
-1.360325121498068256e+03
-1.353109475196300764e+03
-1.329917535013007637e+03
-1.310009041730376111e+03
-1.327445059084715695e+03
-1.300459343827596058e+03
-1.297172835212509881e+03
-1.290906324674845564e+03
-1.291306362414819660e+03
-1.264096237898981144e+03
-1.255390552954320583e+03
-1.249569423541742935e+03
-1.253586799628283188e+03
-1.242969924290561494e+03
-1.241017765081083098e+03
-1.222637580135021835e+03
-1.228631343001817186e+03
-1.222172363310471155e+03
-1.206896649099340493e+03
-1.196585451465714186e+03
-1.202145451481937471e+03
-1.203028353278217764e+03
-1.190342818325567123e+03
-1.180093819150434229e+03
-1.190321156539879439e+03
-1.183945413434374359e+03
-1.177606145892922086e+03
-1.172808737207821196e+03
-1.173491911193356145e+03
-1.165344870481333146e+03
-1.167252748795185198e+03
-1.154754140289190218e+03
-1.153410891910662713e+03
-1.160359051262065350e+03
-1.148368027962208998e+03
-1.153109530500785922e+03
-1.149935799997100503e+03
-1.148960076502377888e+03
-1.139538312148966725e+03
-1.140940749277255918e+03
-1.136960375793829371e+03
-1.132518697792150761e+03
-1.134016163183264780e+03
-1.135788722749802218e+03
-1.124352028850368242e+03
-1.130121333792863652e+03
-1.121466637803134745e+03
-1.111804565170232308e+03
-1.125373923553892382e+03
-1.113767008590015394e+03
-1.118818295464072435e+03
-1.114584678933754503e+03
-1.107422657410528927e+03
-1.102091223734763389e+03
-1.095737029577528119e+03
-1.097804480713200519e+03
-1.114095872152067386e+03
-1.100340775687651330e+03
-1.099183727483507028e+03
-1.104347463694298085e+03
-1.100965857420291741e+03
-1.105145408848146417e+03
-1.086853689681837295e+03
-1.099702314501618730e+03
-1.095965765247184663e+03
-1.087878186356555716e+03
-1.096229383732370252e+03
-1.092385955268871385e+03
-1.085833372242133009e+03
-1.088594471351442280e+03
-1.089648911391840329e+03
-1.080091813374961475e+03
-1.083169907344623880e+03
-1.080863342226840359e+03
-1.081236157952001122e+03
-1.082716956411334650e+03
-1.087478168562895689e+03
-1.077547835244414728e+03
-1.088905229430394684e+03
-1.079026106293257499e+03
-1.080475698733163199e+03
-1.080061185809930976e+03
-1.076864066308280371e+03
-1.075179638967058054e+03
-1.077392773181374878e+03
-1.072193409331503972e+03
-1.073936667048228628e+03
-1.080471597113164080e+03
-1.072015367951112694e+03
-1.073636623132879549e+03
-1.067420367893414550e+03
-1.068993900659413157e+03
-1.065775057015523544e+03
-1.062224656165557917e+03
-1.080261883173633578e+03
-1.066861317321002161e+03
-1.061801024979736667e+03
-1.066729040319557953e+03
-1.072653724109804898e+03
-1.060335642090987449e+03
-1.062651662501559258e+03
-1.063763070458664515e+03
-1.055986280824662117e+03
-1.064137467612540149e+03
-1.067295866935402046e+03
-1.061684963623534486e+03
-1.051680330774262302e+03
-1.065223330573497151e+03
-1.053938396951800314e+03
-1.057670261823269811e+03
-1.066399921515630240e+03
-1.063427188514968748e+03
-1.054363920894987587e+03
-1.045596049936845702e+03
-1.059711435437218370e+03
-1.056919814861022815e+03
-1.054183417776276883e+03
-1.063374131229969407e+03
-1.049164238167477379e+03
-1.056519864359467647e+03
-1.052613723975748826e+03
-1.052903970281817692e+03
-1.052813126983932307e+03
-1.047991714717726836e+03
-1.051569708936950974e+03
-1.047780667866420345e+03
-1.049687400710824477e+03
-1.051115059885336223e+03
-1.045117432987198981e+03
-1.049721269770408071e+03
-1.053593359907561990e+03
-1.043415075385901673e+03
-1.044936453776247617e+03
-1.044697713060895239e+03
-1.054088141105151408e+03
-1.048890141932440429e+03
-1.050250719310885870e+03
-1.053059469691892673e+03
-1.044678409422656159e+03
-1.048331345659465342e+03
-1.049482871020413086e+03
-1.052904241635294284e+03
-1.046965122026513654e+03
-1.050231575237271045e+03
-1.047434106298339884e+03
-1.044603870999363835e+03
-1.042972725323907071e+03
-1.046139147670710145e+03
-1.040617965059048629e+03
-1.044181750608441916e+03
-1.041994687198913653e+03
-1.039846553290525662e+03
-1.040039040318293701e+03
-1.045271050008958355e+03
-1.040244637830219290e+03
-1.043559299300560497e+03
-1.046297995877812809e+03
-1.046188495410777477e+03
-1.033291338114789141e+03
-1.044004473966536125e+03
-1.046410632965002833e+03
-1.040012686998886920e+03
-1.034263338740623794e+03
-1.036813002556764332e+03
-1.034422680482462738e+03
-1.033897013862705990e+03
-1.037207903428477493e+03
-1.042151787541983822e+03
-1.031591255972838781e+03
-1.043264532455719745e+03
-1.040219648243905112e+03
-1.034696156251644652e+03
-1.031164185797066011e+03
-1.039982418075475607e+03
-1.038377365268898757e+03
-1.040238538683162005e+03
-1.037596095761201241e+03
-1.028994225737169927e+03
-1.032318447179413624e+03
-1.032383702669593049e+03
-1.042852678704969549e+03
-1.038048835366283811e+03
-1.030992079611185090e+03
-1.036959579359549252e+03
-1.035126670328759019e+03
-1.036487542100853943e+03
-1.030895073809774203e+03
-1.037777349147477707e+03
-1.033321038461486069e+03
-1.028762625770300474e+03
-1.036109523625223801e+03
-1.028756278836448246e+03
-1.034319303515368347e+03
-1.033888062542971511e+03
-1.029794062457296604e+03
-1.030812042007722312e+03
-1.025800099847712545e+03
-1.033268317506941457e+03
-1.030237837407004690e+03
-1.032211345872803577e+03
-1.029886678471994401e+03
-1.030858328037089223e+03
-1.027511610969241246e+03
-1.034412683215344032e+03
-1.026111895927742808e+03
-1.025614685992105024e+03
-1.026567084413391512e+03
-1.024377321815401274e+03
-1.022863485717632784e+03
-1.036154486971750657e+03
-1.030454213172522714e+03
-1.024792121836746901e+03
-1.023456872427558892e+03
-1.029214268231111191e+03
-1.028263137937209422e+03
-1.025981454953812317e+03
-1.024821182732429179e+03
-1.021635819493239183e+03
-1.024505778247002581e+03
-1.027964913229149261e+03
-1.029759543299528787e+03
-1.028418068658234688e+03
-1.028557761104874544e+03
-1.022392217721099200e+03
-1.032224551780096363e+03
-1.024311002992006252e+03
-1.019665868265185168e+03
-1.019708830076586310e+03
-1.023173145271247904e+03
-1.022952490427520843e+03
-1.024922498569123945e+03
-1.018137355658900788e+03
-1.022562312976954900e+03
-1.026550483986900417e+03
-1.025046181364461290e+03
-1.018367226894343162e+03
-1.021298455240206636e+03
-1.018283524885566521e+03
-1.020179967428279610e+03
-1.025675089619769324e+03
-1.023977376587026697e+03
-1.024989841504467222e+03
-1.028432312017124559e+03
-1.018385302081448799e+03
-1.021191667565408125e+03
-1.018049571606299082e+03
-1.019839469606778493e+03
-1.024305954267938887e+03
-1.025565106844814636e+03
-1.024573584182166542e+03
-1.019995771570494298e+03
-1.019714364930601732e+03
-1.015954014827655101e+03
-1.028761805702315087e+03
-1.016882388083321416e+03
-1.014902714807704569e+03
-1.026992074504728862e+03
-1.013543319885184587e+03
-1.025842833711127469e+03
-1.025740883006275453e+03
-1.018652770461654541e+03
-1.021524980354586887e+03
-1.016013692662445123e+03
-1.011832373390685461e+03
-1.021285188861894085e+03
-1.015673445217996459e+03
-1.013318564401883236e+03
-1.020271575895992783e+03
-1.017132278365204570e+03
-1.018765568692392890e+03
-1.021881800759354746e+03
-1.016336430071255563e+03
-1.019489230601774125e+03
-1.008464663717471240e+03
-1.015935548516176368e+03
-1.008225549443006457e+03
-1.018985393495175231e+03
-1.018209065951418893e+03
-1.015826913808609220e+03
-1.015053389268320302e+03
-1.008856106744328827e+03
-1.018146470263735182e+03
-1.015462799677383600e+03
-1.010399711399080729e+03
-1.011728061152541841e+03
-1.026733343441196894e+03
-1.025441074809616566e+03
-1.012295657033578436e+03
-1.020526477403420699e+03
-1.021149304620389103e+03
-1.010646440534922249e+03
-1.012312612274865955e+03
-1.014712362331911322e+03
-1.010034283356332708e+03
-1.019520497674018316e+03
-1.013756538567002963e+03
-1.017755655147650373e+03
-1.012042568363099122e+03
-1.013864742243168848e+03
-1.008190045982910306e+03
-1.009477465332156726e+03
-1.015882402252310840e+03
-1.005160346023895158e+03
-1.009404475287353989e+03
-1.010217289732706831e+03
-1.004604549097082668e+03
-1.004745802167442321e+03
-1.013610883636417157e+03
-1.012771948919487158e+03
-1.012639034499338322e+03
-1.010655453173239493e+03
-1.015758860606791814e+03
-1.008983818084823838e+03
-1.004570851416623327e+03
-1.011809141481212009e+03
-1.016125672607784395e+03
-1.008532593114532574e+03
-1.008429900960901023e+03
-1.008224115122210605e+03
-1.011424121559161563e+03
-1.003945069312276360e+03
-1.014349535179411305e+03
-1.011540580452880704e+03
-1.013637035913240538e+03
-1.007245103907744010e+03
-1.011120245003034142e+03
-1.009753994314105512e+03
-1.016361164074919770e+03
-1.007195828931798587e+03
-1.006554959460997225e+03
-1.011709862278910691e+03
-1.009909343840463634e+03
-1.005653448761884192e+03
-1.008860012020678255e+03
-1.010082254250999767e+03
-1.002052569812699176e+03
-1.008211342254247484e+03
-1.010953237791123911e+03
-1.007672142720937245e+03
-1.007282479861880574e+03
-1.008137699455904226e+03
-1.005158554789562913e+03
-1.002243346009131301e+03
-1.006787542669947129e+03
-1.003173343684461997e+03
-1.005599071769511852e+03
-1.003858039706871523e+03
-1.012343680707262024e+03
-1.005909193334561110e+03
-1.007917862708449547e+03
-1.006654090078491436e+03
-9.965076231737347143e+02
-1.009026226024476955e+03
-1.009263420886769609e+03
-1.009945195009145891e+03
-1.005038915627223219e+03
-1.007808124562463263e+03
-1.008210489205154772e+03
-1.006057609187459093e+03
-1.004389715640797249e+03
-1.007466003455944133e+03
-1.003344504561271151e+03
-1.001992687696335452e+03
-1.009228871339434818e+03
-1.008859701030155861e+03
-1.002416130535471893e+03
-1.003122572484635612e+03
-1.001229094763299145e+03
-1.004014719740150099e+03
-1.006174982608832124e+03
-1.001541049766624269e+03
-1.008666267291805298e+03
-1.004498317786518896e+03
-1.004850092737481646e+03
-1.010126109641651396e+03
-1.003119151331355397e+03
-1.004136556889719031e+03
-1.002903258788538892e+03
-9.999379506050686359e+02
-1.006025110122297406e+03
-9.990328032105086322e+02
-1.003982274707362080e+03
-9.995759846202076915e+02
-1.005031275490913004e+03
-1.007742232188248181e+03
-1.001605705220783648e+03
-9.991922360481298711e+02
-1.002870302784298133e+03
-9.953012608208739493e+02
-1.002838945303276887e+03
-1.002020037289031279e+03
-1.000784760956987270e+03
-9.980044977323823332e+02
-1.000893667775694894e+03
-9.974889116364146275e+02
-1.003816923781735113e+03
-9.981676737984013243e+02
-9.989532560059549269e+02
-9.995812157165823919e+02
-9.997054783243455631e+02
-9.921540951137446882e+02
-1.000157014030874848e+03
-9.994315998612785279e+02
-9.951418098281961875e+02
-1.000328700214178298e+03
-1.004427749089212398e+03
-1.000534140631114042e+03
-1.003478239166194953e+03
-9.975878677340593867e+02
-1.000272329985197985e+03
-1.002052372594257804e+03
-9.902080983479370389e+02
-9.958273644568303098e+02
-9.962347167732185653e+02
-1.004048306683097508e+03
-9.983529195395685747e+02
-9.974871610359787155e+02
-9.980254392071780103e+02
-9.978629082448405825e+02
-9.940560152465269539e+02
-9.987625277794821841e+02
-9.844319503033914316e+02
-1.001854897466995453e+03
-9.959949853842613265e+02
-9.911819962996539743e+02
-1.004182081624162834e+03
-9.964083833166166642e+02
-9.982061182477982584e+02
-9.962178108908184413e+02
-1.002480573098000150e+03
-9.984904738403944293e+02
-1.000044200989342698e+03
-1.004845532528543913e+03
-9.978495944131263968e+02
-9.989623448274555813e+02
-9.988621210567155231e+02
-9.905180085908900764e+02
-9.923302351514244037e+02
-1.005311283908297355e+03
-1.001402687593021028e+03
-9.991873902669930203e+02
-9.948590722830385857e+02
-1.001925683075004599e+03
-9.978150343794874289e+02
-9.925910971467102399e+02
-9.966452857608189788e+02
-9.971067296331834768e+02
-9.998821484610231209e+02
-9.963779581996852812e+02
-9.882046882049291980e+02
-9.935659105724369056e+02
-9.981770299284912653e+02
-9.908718394768313829e+02
-9.882884851096335979e+02
-9.931977515543620711e+02
-1.001172341837114345e+03
-9.908993705366316362e+02
-9.914691144318733222e+02
-9.992797643014855566e+02
-9.904031708504223843e+02
-9.893439149707471643e+02
-9.991841904556966938e+02
-1.001358214330254896e+03
-9.952292054959932557e+02
-9.940778399203381923e+02
-9.924101388702193844e+02
-9.918918951242083040e+02
-9.885400872363352391e+02
-9.944290345329120555e+02
-9.915777308745580285e+02
-9.872534562590057021e+02
-9.917401832978038101e+02
-9.879958102856223832e+02
-9.856538112908815492e+02
-9.942532056857720590e+02
-9.888857418439843059e+02
-9.932307121074243241e+02
-9.971747396217284631e+02
-9.954723626154301428e+02
-9.911812627488337739e+02
-9.935513034811556281e+02
-9.925219126307674742e+02
-9.831404876437989060e+02
-9.908170478647487016e+02
-9.858435357531061527e+02
-9.914293635519459258e+02
-9.875399383917754221e+02
-9.987712982809649702e+02
-9.860840884137762714e+02
-9.908754099220484477e+02
-9.840496702214049947e+02
-9.883830869255659763e+02
-9.865636286203096006e+02
-9.861567406204030704e+02
-9.846230057576347008e+02
-9.834638411035019772e+02
-9.893265791032288234e+02
-9.832502167952022774e+02
-9.931342160079160521e+02
-9.899920379754194073e+02
-9.923171523137184522e+02
-9.868445119234463618e+02
-9.892215877257629018e+02
-9.860409810928107390e+02
-9.892311854280264924e+02
-9.888937010934138243e+02
-9.900279077937861985e+02
-9.938700508895210533e+02
-9.791765859913352870e+02
-9.831732573970848534e+02
-9.899238233945739012e+02
-9.899629815491010731e+02
-9.824274960959839973e+02
-9.805651240955887715e+02
-9.842583328108312344e+02
-9.835744556836139054e+02
-9.900143244081808689e+02
-9.811418114577899132e+02
-9.862128074386910157e+02
-9.835092754399909154e+02
-9.841000202158045340e+02
-9.860082975972056829e+02
-9.866667261535475291e+02
-9.827827430115357856e+02
-9.823427158634442549e+02
-9.909263905193163282e+02
-9.859525185301226884e+02
-9.804779534376622223e+02
-9.864031809657532222e+02
-9.835600585452191353e+02
-9.822260217958522617e+02
-9.886640807535115982e+02
-9.811851656910453130e+02
-9.876859091526907832e+02
-9.837765081757493135e+02
-9.938358969579008999e+02
-9.855070291536510467e+02
-9.917093571706845978e+02
-9.862079326564991106e+02
-9.832632396260885344e+02
-9.838820236821371736e+02
-9.875186887291492894e+02
-9.802464204453177672e+02
-9.781279277231101332e+02
-9.809571857688735008e+02
-9.874426560160021609e+02
-9.867829825948912230e+02
-9.781665637291628173e+02
-9.824013735209280185e+02
-9.741444901883853618e+02
-9.789634738497200033e+02
-9.827503534805910022e+02
-9.793598012690670203e+02
-9.908173851264759833e+02
-9.817789427137677194e+02
-9.816929512645781415e+02
-9.733687111977117183e+02
-9.840670172631391779e+02
-9.821904272596414103e+02
-9.862492898286500349e+02
-9.859364780400798054e+02
-9.705457206696582944e+02
-9.848360364699009324e+02
-9.783473941325592023e+02
-9.820947983950388789e+02
-9.787493656241465487e+02
-9.819162834725818811e+02
-9.769857865358238769e+02
-9.876409480860921803e+02
-9.754779110749894926e+02
-9.819712609142646897e+02
-9.821931735441655746e+02
-9.697342771780088242e+02
-9.834155730495567695e+02
-9.783197653174679544e+02
-9.752944173278738162e+02
-9.817783622704019990e+02
-9.737102150268503920e+02
-9.834364801652236565e+02
-9.806106071807657827e+02
-9.814909211560355971e+02
-9.741205159237963471e+02
-9.770313034892012638e+02
-9.795760732332704492e+02
-9.783137940959925345e+02
-9.748916983479930423e+02
-9.724340297220605862e+02
-9.842528304282753879e+02
-9.785732434559099602e+02
-9.805443894055023293e+02
-9.745374791551682847e+02
-9.854502321402385405e+02
-9.712374323304528616e+02
-9.770547951589081777e+02
-9.708956829065896272e+02
-9.794628619256500315e+02
-9.792178982913305845e+02
-9.747094266668589171e+02
-9.782444341132164709e+02
-9.715406555644100308e+02
-9.721024827280838281e+02
-9.692640735565769319e+02
-9.780581462877300964e+02
-9.774011427069979163e+02
-9.734556253024019270e+02
-9.720427193032603554e+02
-9.791097853619053240e+02
-9.672142781921878623e+02
-9.725733864917474421e+02
-9.691230371324478483e+02
-9.759974649613830024e+02
-9.750998295104470799e+02
-9.751951259798705678e+02
-9.693425515851647560e+02
-9.787034894004425496e+02
-9.701423267411263396e+02
-9.729699458467648583e+02
-9.656622399347604642e+02
-9.617462557934470624e+02
-9.724693085140255562e+02
-9.750931749228489025e+02
-9.710393648879731927e+02
-9.680368328544034284e+02
-9.742957368654701895e+02
-9.750961007234936915e+02
-9.699464347757416363e+02
-9.722005539567892356e+02
-9.670950738706005723e+02
-9.722207626848634163e+02
-9.682513179229140405e+02
-9.655986226289564911e+02
-9.744556209980295307e+02
-9.734682022934555334e+02
-9.734747837356470654e+02
-9.663945414207164504e+02
-9.725981904667200979e+02
-9.697447940500434242e+02
-9.726297763052925802e+02
-9.663975804567357955e+02
-9.738029178050670680e+02
-9.688765333364872276e+02
-9.702081641415364857e+02
-9.740377246719901905e+02
-9.721862437513627810e+02
-9.690997793969542045e+02
-9.745373394346618170e+02
-9.691448035075056850e+02
-9.751626390317970845e+02
-9.678719782665112916e+02
-9.677246381256707082e+02
-9.732695801818811105e+02
-9.697442449386981025e+02
-9.656388601809923102e+02
-9.635441804452146926e+02
-9.676135127009828238e+02
-9.602774666149605309e+02
-9.674079756725873267e+02
-9.693889704571754464e+02
-9.685377934564658062e+02
-9.669182590264747432e+02
-9.643212705801441871e+02
-9.709463441020352548e+02
-9.638070977051185082e+02
-9.658186642628722893e+02
-9.674068190868613328e+02
-9.729599666866361076e+02
-9.655331353041665352e+02
-9.627926771714720644e+02
-9.724292456345782512e+02
-9.633514683943484442e+02
-9.683584211835567430e+02
-9.601971413598922709e+02
-9.648617893940750037e+02
-9.670049607476169058e+02
-9.719633081186790378e+02
-9.578165942458681457e+02
-9.667445521645569215e+02
-9.684325373143733486e+02
-9.626795607738204126e+02
-9.515229939539228781e+02
-9.717916310786357599e+02
-9.659471295340630377e+02
-9.688341126359897544e+02
-9.602531617774176311e+02
-9.692057215391415639e+02
-9.647203134054745988e+02
-9.652390997776626591e+02
-9.722994842159428117e+02
-9.592136561590283463e+02
-9.647403742098728117e+02
-9.596734167629106196e+02
-9.687811107834551194e+02
-9.621552733096204975e+02
-9.611424078878354749e+02
-9.618519578691775678e+02
-9.677837066999564968e+02
-9.636785202975152060e+02
-9.719421324091167662e+02
-9.591640481649326375e+02
-9.701974874871466454e+02
-9.634598374334909749e+02
-9.572195418874894131e+02
-9.666227875363504154e+02
-9.612571467295562115e+02
-9.625067855059060093e+02
-9.599528712074404666e+02
-9.617929404691658419e+02
-9.581431855350172100e+02
-9.665704458359070941e+02
-9.641645196813549319e+02
-9.620876722366936065e+02
-9.609940608875060661e+02
-9.583385348130661896e+02
-9.572601083155835795e+02
-9.592531350970817812e+02
-9.547718549625263904e+02
-9.531997815771093201e+02
-9.583587852889356782e+02
-9.613669803017927507e+02
-9.612470746249704234e+02
-9.731735798606010803e+02
-9.655475515283636696e+02
-9.623293156480942798e+02
-9.614157859363144780e+02
-9.596628244377939154e+02
-9.617791780355382798e+02
-9.620347410018166556e+02
-9.509368054009157731e+02
-9.504948105491478145e+02
-9.598061125025068350e+02
-9.575017099282345043e+02
-9.554266895256164389e+02
-9.551836000096334374e+02
-9.582309266036369308e+02
-9.529083654496027975e+02
-9.622940618875647942e+02
-9.570280419923522004e+02
-9.602910448774343877e+02
-9.551357526994601130e+02
-9.553459841151371847e+02
-9.608679123284096022e+02
-9.591295134219590182e+02
-9.583378589972586497e+02
-9.594387646247421344e+02
-9.633241788367513436e+02
-9.576243195888664559e+02
-9.489968789551500095e+02
-9.505942142659927185e+02
-9.549527164805507482e+02
-9.596900139811482404e+02
-9.503289094872352507e+02
-9.515402859428868396e+02
-9.496591486426249276e+02
-9.566463916838199566e+02
-9.560339472358230068e+02
-9.440775654285024530e+02
-9.519059441439515012e+02
-9.507809566654107130e+02
-9.582665625421514051e+02
-9.578496687236952312e+02
-9.529056877471030020e+02
-9.601803391720707168e+02
-9.569150154309121490e+02
-9.520736395576334417e+02
-9.578443255444733495e+02
-9.491344084819102136e+02
-9.530372242786331753e+02
-9.488149381733699101e+02
-9.577203329558867608e+02
-9.580923225829254761e+02
-9.474124317092837373e+02
-9.480109333347691063e+02
-9.557335054313948604e+02
-9.526433266376947131e+02
-9.594465616410182065e+02
-9.611588613919784621e+02
-9.500149602039894035e+02
-9.429986135308031407e+02
-9.474849112084591525e+02
-9.543365199564907471e+02
-9.456846554689859659e+02
-9.571058930295453138e+02
-9.535177639400565113e+02
-9.468394763685454336e+02
-9.528157459016483699e+02
-9.471016331446195409e+02
-9.570627375065478191e+02
-9.530815894513405055e+02
-9.535573671860215654e+02
-9.499129971726270014e+02
-9.526035890996070066e+02
-9.548441749067759474e+02
-9.422568667009537648e+02
-9.503125013338625422e+02
-9.525610683039167270e+02
-9.519120123941776228e+02
-9.512060776671070244e+02
-9.582547969534631420e+02
-9.512391062022600181e+02
-9.441374267348903686e+02
-9.487758809028169935e+02
-9.463128894194575196e+02
-9.454091043597056796e+02
-9.474290062859847694e+02
-9.489723721760096851e+02
-9.554859808525978906e+02
-9.483958229155568915e+02
-9.522914159923990383e+02
-9.517553909504574676e+02
-9.493476617140514691e+02
-9.477189150080348554e+02
-9.488608683606762497e+02
-9.453747654684234476e+02
-9.570603982769391678e+02
-9.528170957355596329e+02
-9.438972961720713784e+02
-9.433244554292803059e+02
-9.393348597615740800e+02
-9.435111351599696263e+02
-9.478477845512768454e+02
-9.491325046061710964e+02
-9.461761236682297067e+02
-9.408912423047993343e+02
-9.455357738900156619e+02
-9.502226195522977150e+02
-9.484719666460673579e+02
-9.492210357938433845e+02
-9.395686513684141801e+02
-9.538188289868862739e+02
-9.433918424846611970e+02
-9.446816453306826133e+02
-9.445252655169130094e+02
-9.431283346864881878e+02
-9.428627335606003044e+02
-9.469356311489518703e+02
-9.419618582155991362e+02
-9.446515060646418078e+02
-9.454632926088465865e+02
-9.450451439381176897e+02
-9.464773927969721399e+02
-9.491290046242031622e+02
-9.511950117707401660e+02
-9.507818270434888746e+02
-9.458862863040277489e+02
-9.397150987218936962e+02
-9.416202504175485046e+02
-9.458118625413499103e+02
-9.441992623552102941e+02
-9.433688449412892396e+02
-9.496174083423437651e+02
-9.411768525036209212e+02
-9.509303318238094107e+02
-9.362508082277577159e+02
-9.447383075609654952e+02
-9.439080625529966255e+02
-9.374501597921534994e+02
-9.420643128015750563e+02
-9.412894233034967328e+02
-9.349323114451706260e+02
-9.408751082555652374e+02
-9.400208661852564092e+02
-9.405203156082947089e+02
-9.483332733346584291e+02
-9.420505911115787967e+02
-9.428105038829780824e+02
-9.395651468659482362e+02
-9.467439259775453593e+02
-9.409464028857690892e+02
-9.389036839827051608e+02
-9.408732410038295484e+02
-9.369549507129752328e+02
-9.513407460833335563e+02
-9.422752804292165365e+02
-9.439650565679141891e+02
-9.417727303329285178e+02
-9.397186190049106926e+02
-9.377356758429916681e+02
-9.430769746118625108e+02
-9.372503018409787501e+02
-9.504504812204201016e+02
-9.405596113657755950e+02
-9.370374876090153293e+02
-9.380409847709670430e+02
-9.422888962138559918e+02
-9.418119165580751542e+02
-9.319225287626657064e+02
-9.378214567556070733e+02
-9.388385379244452906e+02
-9.427610230771317674e+02
-9.348716494729920896e+02
-9.425986396075267066e+02
-9.396878284461781732e+02
-9.346597559473439105e+02
-9.372049600303521402e+02
-9.408069675037130537e+02
-9.418546789283375347e+02
-9.396804496771216009e+02
-9.330109210581604202e+02
-9.348206621611345781e+02
-9.372901074518579208e+02
-9.394183394921326453e+02
-9.445210104694355095e+02
-9.347520288420323595e+02
-9.429603858966504504e+02
-9.408612030593750433e+02
-9.359407932716138703e+02
-9.363474671290198330e+02
-9.350557816437963083e+02
-9.412618040811836408e+02
-9.401467892897583170e+02
-9.311031075410080575e+02
-9.316730036058906990e+02
-9.359580088341399460e+02
-9.323568109932606376e+02
-9.383452425088222526e+02
-9.402437568431778345e+02
-9.318226199158755207e+02
-9.411174152092979739e+02
-9.318133871849107663e+02
-9.309533333142544507e+02
-9.416138310513022134e+02
-9.357718472128832445e+02
-9.312249036800386648e+02
-9.243088089238422072e+02
-9.420857966909807146e+02
-9.321866054707537614e+02
-9.327466311765786031e+02
-9.294984561096249536e+02
-9.335874905132756112e+02
-9.344419369743753805e+02
-9.278384538869023572e+02
-9.427972614235892479e+02
-9.352608724161690361e+02
-9.361022466119927685e+02
-9.282878988531607547e+02
-9.336896334842795113e+02
-9.389931454169229710e+02
-9.312088625486345563e+02
-9.388527355532510228e+02
-9.301032553046920839e+02
-9.362069248659056484e+02
-9.365613372891720019e+02
-9.363499457336969272e+02
-9.269012628556959044e+02
-9.336892172617415326e+02
-9.360983439815182692e+02
-9.279769503479893729e+02
-9.320708711910074271e+02
-9.387625245625465595e+02
-9.366972672176671040e+02
-9.368368069263531197e+02
-9.384381775674623896e+02
-9.349199428062095194e+02
-9.379431901558677964e+02
-9.450010387818441586e+02
-9.312521139708402416e+02
-9.334785907267508946e+02
-9.283304650661708592e+02
-9.306000182400003951e+02
-9.354279868071282635e+02
-9.311504149678547719e+02
-9.275588697486249430e+02
-9.261231501348016764e+02
-9.328151219620093570e+02
-9.273538127282979531e+02
-9.352971700652659592e+02
-9.283958065029204363e+02
-9.344969546636301629e+02
-9.305469919538539898e+02
-9.322145494336315323e+02
-9.363900047153981632e+02
-9.297552051054481126e+02
-9.306628612015663293e+02
-9.279893138694712889e+02
-9.338697743517934668e+02
-9.301671298154408305e+02
-9.294098600270599491e+02
-9.273425821384156507e+02
-9.306846026337427702e+02
-9.340659686883675477e+02
-9.330604773553924360e+02
-9.303705580902610563e+02
-9.321725477700673537e+02
-9.227168797033821193e+02
-9.311030861748790812e+02
-9.311720548506118575e+02
-9.289619355997015191e+02
-9.314162018637262008e+02
-9.289528120447228048e+02
-9.338645513601676384e+02
-9.261469532063745191e+02
-9.411465779855553819e+02
-9.289026791982207669e+02
-9.373904436509827747e+02
-9.273225527712805842e+02
-9.291292890080055713e+02
-9.269396417628624931e+02
-9.376455040982184528e+02
-9.295578045256377209e+02
-9.371267518832871701e+02
-9.227802691337999477e+02
-9.311018813156393890e+02
-9.286123981602271442e+02
-9.255681446926109857e+02
-9.295814196204526070e+02
-9.305301304786272567e+02
-9.286074388429211695e+02
-9.258759908170138715e+02
-9.239989178190344319e+02
-9.285752198496510346e+02
-9.267134428959217303e+02
-9.219539357024390256e+02
-9.299607266392715701e+02
-9.294355238497056462e+02
-9.254561534679207853e+02
-9.331824181506204923e+02
-9.250982626999229979e+02
-9.315667673398191937e+02
-9.379848390060109296e+02
-9.336121797614839579e+02
-9.255028262877831366e+02
-9.290510810476379220e+02
-9.311436002457775203e+02
-9.201007695980351855e+02
-9.250872450844917694e+02
-9.255856088698259327e+02
-9.282095648063020690e+02
-9.312744386326202175e+02
-9.277891930679072630e+02
-9.238029666182547999e+02
-9.289300134915143872e+02
-9.241755661071661052e+02
-9.256437307505780154e+02
-9.251443631052627552e+02
-9.306008776882209759e+02
-9.255667846710705362e+02
-9.215359876941105313e+02
-9.315022753420339541e+02
-9.283512004248591438e+02
-9.237626204892854958e+02
-9.261932714317620139e+02
-9.265313773166101328e+02
-9.270238746152340354e+02
-9.294401761454223561e+02
-9.216818891378158014e+02
-9.223139979922150360e+02
-9.286164397506370278e+02
-9.200334711785360469e+02
-9.233855021918697048e+02
-9.270204183330007481e+02
-9.231389287235379015e+02
-9.254589467966168286e+02
-9.198918764563071591e+02
-9.306346191030391992e+02
-9.216618331252769849e+02
-9.263534324155539252e+02
-9.263065345954091754e+02
-9.230417041505515954e+02
-9.217742969089682674e+02
-9.312271867053207188e+02
-9.337048866339125652e+02
-9.284461898328914913e+02
-9.273801239283700397e+02
-9.224556790052749875e+02
-9.205641079000397440e+02
-9.257447675394763564e+02
-9.222696284328471847e+02
-9.248377879857846438e+02
-9.206979559772614721e+02
-9.212177081902807458e+02
-9.264709183907930310e+02
-9.222514082537227296e+02
-9.215210783030171342e+02
-9.169856972143480789e+02
-9.175298879904416935e+02
-9.214531282464452033e+02
-9.190662248936416745e+02
-9.200424148021812698e+02
-9.317072215046680412e+02
-9.208971621519257269e+02
-9.257423964461484047e+02
-9.223129936783300309e+02
-9.255002997427710625e+02
-9.176399593095658247e+02
-9.203475490944650801e+02
-9.261343406873193089e+02
-9.232606210445547958e+02
-9.224267744228289985e+02
-9.216936216115600473e+02
-9.297466501989370045e+02
-9.196724657404307663e+02
-9.221609117373044455e+02
-9.191894020980637379e+02
-9.234342286648876552e+02
-9.253631433570848230e+02
-9.314713669178383952e+02
-9.216865672435600345e+02
-9.142664164860427718e+02
-9.197455857999932505e+02
-9.271944247428698418e+02
-9.196340315184137353e+02
-9.219927099204992373e+02
-9.240566851034999445e+02
-9.263779033251857982e+02
-9.214496910257689706e+02
-9.258661905707341475e+02
-9.183191816493995248e+02
-9.188547270895204520e+02
-9.255905747405741977e+02
-9.206454374652307706e+02
-9.297662486751025881e+02
-9.203011704876039403e+02
-9.199849091578353182e+02
-9.219723817861258794e+02
-9.236419163225608600e+02
-9.218471126943690024e+02
-9.256683053652172930e+02
-9.214241105834794325e+02
-9.261007146413942337e+02
-9.167454407033284269e+02
-9.219366110997980286e+02
-9.208777903097218314e+02
-9.224840969613189827e+02
-9.185682072363357520e+02
-9.179140302935346654e+02
-9.145264710075841776e+02
-9.180495743164898386e+02
-9.196340540206545029e+02
-9.216209957241795792e+02
-9.156650071557290858e+02
-9.202990922674457579e+02
-9.174163183260184269e+02
-9.221217916031627055e+02
-9.127181817527937255e+02
-9.183156285281207829e+02
-9.239316811506741942e+02
-9.221115451962134557e+02
-9.162653244480868580e+02
-9.278339551243259393e+02
-9.201700966459903839e+02
-9.212678809594873428e+02
-9.203210071325319177e+02
-9.211322896177398434e+02
-9.257613280063935690e+02
-9.194912472014142395e+02
-9.194664817810831892e+02
-9.192846872314956954e+02
-9.207030346677709076e+02
-9.171303748625309709e+02
-9.225155427490218472e+02
-9.194628965404453993e+02
-9.220870952363140987e+02
-9.210429889291322070e+02
-9.232358757273948413e+02
-9.277849905966039614e+02
-9.134865552791931123e+02
-9.231902063503580393e+02
-9.167301295634548524e+02
-9.183105496477664929e+02
-9.177386689672509874e+02
-9.127575610316673647e+02
-9.300576385277349800e+02
-9.261133958477876149e+02
-9.181056029943654266e+02
-9.223128590095775508e+02
-9.212606365490552207e+02
-9.209566313192793814e+02
-9.208524106904174005e+02
-9.175661707272148533e+02
-9.248911490785874321e+02
-9.159764301423107327e+02
-9.179001747186695184e+02
-9.197555916565943335e+02
-9.177171393690711056e+02
-9.200821125075038935e+02
-9.227205004296636162e+02
-9.168433097146807995e+02
-9.216983218352137328e+02
-9.182818526698644064e+02
-9.207595834504584218e+02
-9.154480389473849300e+02
-9.164958025237025367e+02
-9.228083663007956829e+02
-9.172023668015582416e+02
-9.186797787387105245e+02
-9.261535470256860663e+02
-9.276147493923068623e+02
-9.180523620889981657e+02
-9.121314081495042956e+02
-9.175214517808722121e+02
-9.131525650169284063e+02
-9.208855653075910368e+02
-9.172103748065923128e+02
-9.155139807964244483e+02
-9.220656434568684290e+02
-9.189124530335261625e+02
-9.138144566692868693e+02
-9.196088289447778834e+02
-9.186715516997732038e+02
-9.171433563087742868e+02
-9.287744467212232848e+02
-9.214075401624870665e+02
-9.238246766251106692e+02
-9.205578457156881313e+02
-9.225317062338933738e+02
-9.230975611283959097e+02
-9.170303640849618887e+02
-9.158771936814599712e+02
-9.154572548853835769e+02
-9.149186485464916814e+02
-9.180426051549349040e+02
-9.217631305506409944e+02
-9.156949923076152800e+02
-9.234287940210484749e+02
-9.249551431042924605e+02
-9.139804420676346126e+02
-9.242334615858063671e+02
-9.153680495404940984e+02
-9.232112809673926677e+02
-9.190199134833962944e+02
-9.191206657870192203e+02
-9.206031093096004270e+02
-9.163557933633593393e+02
-9.178932933087901347e+02
-9.149497118728172609e+02
-9.176011858426795698e+02
-9.245677520041992921e+02
-9.231578994168783083e+02
-9.132576468570463248e+02
-9.201918504603787596e+02
-9.130877908728730290e+02
-9.250116767578696226e+02
-9.191215942438943785e+02
-9.083840824140023642e+02
-9.066582563932207677e+02
-9.103501445774641070e+02
-9.143088649967800166e+02
-9.160295275301559741e+02
-9.143901194724163588e+02
-9.187988369698159659e+02
-9.163835293918357365e+02
-9.183935385605043393e+02
-9.177208642899378219e+02
-9.150622584861960149e+02
-9.142813930760881931e+02
-9.190282440427391748e+02
-9.127030873735328669e+02
-9.192158789323150359e+02
-9.200772650779246078e+02
-9.202434169840920504e+02
-9.151699606465811030e+02
-9.200738782519640608e+02
-9.138906316960926688e+02
-9.140719923749061309e+02
-9.155408730525066403e+02
-9.149840436524593770e+02
-9.246323976660205517e+02
-9.128764252875055263e+02
-9.209867412298262934e+02
-9.187090985066247413e+02
-9.112003199246549912e+02
-9.201429653649429383e+02
-9.196169968372956873e+02
-9.163464237429911918e+02
-9.196519751097682729e+02
-9.164563480781051794e+02
-9.182693931828067662e+02
-9.185535001411118401e+02
-9.140166751033573291e+02
-9.187521024667082656e+02
-9.154514637598889522e+02
-9.198846948829541361e+02
-9.115094668966855807e+02
-9.166217296970868347e+02
-9.202138407491521548e+02
-9.136480749426981447e+02
-9.182837583032753628e+02
-9.132814202508707240e+02
-9.226200005421974311e+02
-9.131012976896997770e+02
-9.151208731790444517e+02
-9.246228764108439009e+02
-9.182973402637389881e+02
-9.183918510992608617e+02
-9.210052786706676216e+02
-9.143290165799855913e+02
-9.152673573259038449e+02
-9.177015390093721408e+02
-9.181048667282174165e+02
-9.204129769605281126e+02
-9.159533648430202675e+02
-9.177415255970274757e+02
-9.111655884958131537e+02
-9.201925813695422676e+02
-9.104245964379069846e+02
-9.125821075079143156e+02
-9.226278780263933186e+02
-9.161571712201022137e+02
-9.222383430412047574e+02
-9.151021798591546030e+02
-9.190581121634643296e+02
-9.171240833761651174e+02
-9.140235237274712290e+02
-9.161650776949877582e+02
-9.173178442150751835e+02
-9.219962612721610640e+02
-9.178831763802945716e+02
-9.157951119150549175e+02
-9.157338071967533324e+02
-9.171125860879611764e+02
-9.172894718362342701e+02
-9.173348729387799949e+02
-9.193448931663632493e+02
-9.150084599057860260e+02
-9.136350703237205835e+02
-9.132278626673037252e+02
-9.122082688710388538e+02
-9.140805454563655985e+02
-9.165102301419378819e+02
-9.124672985666882141e+02
-9.124784936929138439e+02
-9.079934647372549534e+02
-9.224931366167018041e+02
-9.168634652599304218e+02
-9.208264711300471390e+02
-9.234791673963824223e+02
-9.093273880591710849e+02
-9.183217243477047305e+02
-9.173333481353690786e+02
-9.146882251212651909e+02
-9.204145047911608799e+02
-9.154584495725108582e+02
-9.103646072908918541e+02
-9.144711177458800648e+02
-9.102251958198775128e+02
-9.160532264291394995e+02
-9.180130233693142827e+02
-9.116283573793192545e+02
-9.170057840690590183e+02
-9.180462957686438585e+02
-9.155729980235105359e+02
-9.097820203597148065e+02
-9.145793684641641903e+02
-9.186211697767140549e+02
-9.141971337898837646e+02
-9.156659112728602850e+02
-9.131600138702374352e+02
-9.064516252622737511e+02
-9.143023805302963183e+02
-9.127929688996248387e+02
-9.189939122676250918e+02
-9.107582944190396574e+02
-9.130481153189308543e+02
-9.142740529528191473e+02
-9.127091822763226219e+02
-9.158230820405223085e+02
-9.111267316972084700e+02
-9.168487139080682482e+02
-9.085410855900555589e+02
-9.137282603704917392e+02
-9.086040222443923540e+02
-9.133860093137349168e+02
-9.200036524871939037e+02
-9.200327796758924706e+02
-9.200107085777483462e+02
-9.120941159980525299e+02
-9.149125433266019627e+02
-9.081538588902077436e+02
-9.110937325348288596e+02
-9.185268777000646878e+02
-9.142875487767660161e+02
-9.165196109800126578e+02
-9.133785458966762008e+02
-9.105231268683218104e+02
-9.092255361925598436e+02
-9.220977757950610112e+02
-9.123990139538489075e+02
-9.140168281267409611e+02
-9.167203465727062621e+02
-9.105959768215691383e+02
-9.121880399398678492e+02
-9.100008764227771962e+02
-9.196580558187839642e+02
-9.146004095115822565e+02
-9.187473017691513633e+02
-9.116613893949329395e+02
-9.210095732942853601e+02
-9.203936444216185464e+02
-9.136679674129940167e+02
-9.096817326531531762e+02
-9.098969363081203028e+02
-9.135391829267565527e+02
-9.156550554779355480e+02
-9.156306207718056385e+02
-9.205915730758583777e+02
-9.171542178829356544e+02
-9.169119729948424720e+02
-9.147838106100633695e+02
-9.256770636406957919e+02
-9.136493118727206593e+02
-9.115535190305588458e+02
-9.134543759199293618e+02
-9.048027785592199734e+02
-9.137911376663422516e+02
-9.161787971576754899e+02
-9.152571631311066085e+02
-9.137967486134560886e+02
-9.153985524876931095e+02
-9.149651590146938815e+02
-9.227313417427767490e+02
-9.155741626988708504e+02
-9.133251360199114970e+02
-9.154850598026441730e+02
-9.139656343034158681e+02
-9.197755466674644822e+02
-9.131573762592576031e+02
-9.158104224752286200e+02
-9.116683568151927375e+02
-9.172191954718242641e+02
-9.129140330047092675e+02
-9.163401026642320630e+02
-9.117790502164195914e+02
-9.194939363327474666e+02
-9.131311332551318856e+02
-9.118256552098627026e+02
-9.165365606191518282e+02
-9.240185322064737647e+02
-9.165307488977983894e+02
-9.114816521487593945e+02
-9.128860167405213133e+02
-9.136887221210007510e+02
-9.187704097327969066e+02
-9.202863592328268396e+02
-9.144733280992782056e+02
-9.182654435930758154e+02
-9.124329505808719887e+02
-9.222785810507714359e+02
-9.132736657929345938e+02
-9.125899797818954085e+02
-9.059628951978752411e+02
-9.232394201893562240e+02
-9.142876110544062840e+02
-9.128433053943628011e+02
-9.103457333464726844e+02
-9.109083264154730841e+02
-9.116656058101574445e+02
-9.134246736754793119e+02
-9.127056224488298994e+02
-9.070982191371305134e+02
-9.160383907914800830e+02
-9.161151943734051883e+02
-9.121883804385793155e+02
-9.180471899955339268e+02
-9.158688134422784515e+02
-9.071915679222491917e+02
-9.167967961287838534e+02
-9.107398471125318338e+02
-9.095002388135368392e+02
-9.143877190076269699e+02
-9.151530486043304791e+02
-9.187190991261959425e+02
-9.142740907411622402e+02
-9.143020626320163728e+02
-9.143996994043770883e+02
-9.208897325016275772e+02
-9.171665598934267791e+02
-9.136743624368687051e+02
-9.124757882158187385e+02
-9.109192504149893921e+02
-9.172458372435099818e+02
-9.124929561007312486e+02
-9.149820773905274791e+02
-9.115537361507651894e+02
-9.199938760395336885e+02
-9.169862045398965620e+02
-9.176914983663367593e+02
-9.109935798290447337e+02
-9.127258235980932568e+02
-9.149605086764978523e+02
-9.057417059056718927e+02
-9.121175449620441213e+02
-9.148208607951374916e+02
-9.122155178871797716e+02
-9.139669151472053272e+02
-9.177850289679047364e+02
-9.131148217002626097e+02
-9.133949831771864183e+02
-9.133136072649219841e+02
-9.137626168292511011e+02
-9.120237707196598649e+02
-9.102423998298150991e+02
-9.081443777120862251e+02
-9.040563264459292441e+02
-9.144718689980957151e+02
-9.117208888131614231e+02
-9.104042163417242364e+02
-9.100803614372665606e+02
-9.157492027589423742e+02
-9.141440583772493937e+02
-9.151012950976490856e+02
-9.116287066126777745e+02
-9.123092033834359427e+02
-9.186590991193183982e+02
-9.191133150821663094e+02
-9.197125396633413175e+02
-9.106945884344845581e+02
-9.140706126939310252e+02
-9.154058260760721168e+02
-9.168873587717681630e+02
-9.163526345771590513e+02
-9.135857113253258603e+02
-9.185502454698203110e+02
-9.121729629277208460e+02
-9.097130821782193379e+02
-9.187862648383104442e+02
-9.135049732203345911e+02
-9.083982896151751447e+02
-9.125770278845531038e+02
-9.156798152686644698e+02
-9.137648704965451998e+02
-9.188897838753412088e+02
-9.092584226350112431e+02
-9.123390976181187852e+02
-9.152339456501167660e+02
-9.110165802824925549e+02
-9.128780539304183321e+02
-9.147711411332583111e+02
-9.069520166624456579e+02
-9.151995735990375351e+02
-9.124554763478365658e+02
-9.111470873967886064e+02
-9.154351748796177617e+02
-9.126143005901105880e+02
-9.145641579527980412e+02
-9.180109729870205229e+02
-9.151349328815790614e+02
-9.168206284773759762e+02
-9.161853295193544682e+02
-9.161101288025529357e+02
-9.162530884426322473e+02
-9.111534215468304865e+02
-9.203066100052639058e+02
-9.123675287983776343e+02
-9.101881693871988546e+02
-9.129468320297501123e+02
-9.082265388546404665e+02
-9.138032115639786070e+02
-9.126683624997297102e+02
-9.122008161993126123e+02
-9.142192401788703364e+02
-9.130008726746076491e+02
-9.177067476738328651e+02
-9.122028054866163984e+02
-9.127570418621307908e+02
-9.116387132710317474e+02
-9.140112967290748429e+02
-9.121716142955806390e+02
-9.162230436173841781e+02
-9.192780523194295483e+02
-9.075499140171464205e+02
-9.139236040717661353e+02
-9.146318030511017696e+02
-9.116049147080030934e+02
-9.031623989510289903e+02
-9.155087109201519979e+02
-9.193836389622980505e+02
-9.108157175871051550e+02
-9.114406066025094333e+02
-9.104696269287447876e+02
-9.157845256025063918e+02
-9.152552115301896265e+02
-9.192008482677413213e+02
-9.137226686994555394e+02
-9.153893625690129738e+02
-9.210704916724745317e+02
-9.167420453679046659e+02
-9.078425195515466157e+02
-9.154075095279749803e+02
-9.089943943656047622e+02
-9.118626702471209455e+02
-9.208170513071975165e+02
-9.164982544346551094e+02
-9.167095000715833066e+02
-9.110091350209509073e+02
-9.145915113070419693e+02
-9.116643322512238683e+02
-9.055821697308128932e+02
-9.090871866685706664e+02
-9.124921215668987315e+02
-9.157330514016346115e+02
-9.129769371471868453e+02
-9.153030208067531248e+02
-9.135605899320876233e+02
-9.128294247377995134e+02
-9.143538618824128434e+02
-9.188574150587381837e+02
-9.153113039826556587e+02
-9.122600548270627314e+02
-9.115894495411504295e+02
-9.109829278441987981e+02
-9.132637122971423196e+02
-9.222425875364480135e+02
-9.181452075969289126e+02
-9.161263682192968645e+02
-9.102754417195365022e+02
-9.068457955745440131e+02
-9.094387880679917089e+02
-9.119399885811119475e+02
-9.143848773703489314e+02
-9.149588141013705354e+02
-9.186876636992102476e+02
-9.133586168987142173e+02
-9.132474943970574941e+02
-9.108189586107756668e+02
-9.113263324134338745e+02
-9.119853056613364970e+02
-9.154234112296066996e+02
-9.141645107452790171e+02
-9.139160771828059069e+02
-9.143372684170731191e+02
-9.164134917870252366e+02
-9.159120106361901890e+02
-9.116721896771912270e+02
-9.100468664944977490e+02
-9.140771338582935641e+02
-9.166782790804808201e+02
-9.144603270133796968e+02
-9.154511050556952796e+02
-9.110336767944473877e+02
-9.158052776003478357e+02
-9.076585984497916115e+02
-9.193347173990246120e+02
-9.114708779672498622e+02
-9.143681220546218356e+02
-9.102939909350659491e+02
-9.186689128706381098e+02
-9.154951496840723166e+02
-9.164063441961656054e+02
-9.095199926142291815e+02
-9.146235508049563805e+02
-9.133385285909826052e+02
-9.143931421874339094e+02
-9.086868641139398051e+02
-9.179561134804527001e+02
-9.133088801411728355e+02
-9.206256672607806877e+02
-9.107249285056221879e+02
-9.135949054323778000e+02
-9.198910202385496859e+02
-9.053870556925796791e+02
-9.137909544793767509e+02
-9.221495857118095500e+02
-9.133830570739058885e+02
-9.122912394747635290e+02
-9.103369377825581523e+02
-9.113245952430609123e+02
-9.122986117831135289e+02
-9.112269795635831997e+02
-9.055242377984561699e+02
-9.118908501220067819e+02
-9.099415073351894989e+02
-9.139891807843495144e+02
-9.157578683059086870e+02
-9.072139955721730757e+02
-9.136231544102814723e+02
-9.129910976405712972e+02
-9.122174367193548505e+02
-9.182334896873098842e+02
-9.088384327101211966e+02
-9.069669094554259345e+02
-9.129712439734908003e+02
-9.141958640572407830e+02
-9.129672526363203815e+02
-9.128738284102848866e+02
-9.154840485585864371e+02
-9.089693313599572093e+02
-9.069985727545562213e+02
-9.133275105191366947e+02
-9.154390932855811798e+02
-9.006025981951588619e+02
-9.183680185379490695e+02
-9.121630503198101678e+02
-9.140949251683754255e+02
-9.133995740955487008e+02
-9.136552127459717667e+02
-9.134622428909267455e+02
-9.087344837085541940e+02
-9.209459687689904968e+02
-9.142925939944137781e+02
-9.151480269109715664e+02
-9.069797364918651965e+02
-9.121918230718231371e+02
-9.111315303938007446e+02
-9.132110903098921426e+02
-9.177508877079933427e+02
-9.130899028862136220e+02
-9.070581391368394861e+02
-9.152035333576358198e+02
-9.153125183112485956e+02
-9.110471779397213368e+02
-9.146745162874532298e+02
-9.062778953219445839e+02
-9.183056360383243373e+02
-9.169651116828657678e+02
-9.170473493826302729e+02
-9.146175991661453963e+02
-9.127781692792032118e+02
-9.086345075400774931e+02
-9.147893294981049621e+02
-9.151736468425668818e+02
-9.155320171121617250e+02
-9.144161488878589807e+02
-9.038260486544321566e+02
-9.150186282802856113e+02
-9.125165151890641937e+02
-9.101496053215812481e+02
-9.164149013595024371e+02
-9.106081129720515719e+02
-9.113810191551049229e+02
-9.100488922901779461e+02
-9.107107467300621693e+02
-9.185372902145077205e+02
-9.165245542986975806e+02
-9.144110341537580098e+02
-9.185542302246079771e+02
-9.149854713271677156e+02
-9.140819376785697159e+02
-9.117962978633230477e+02
-9.132135333769261933e+02
-9.159456534947498767e+02
-9.124291477585758230e+02
-9.117127197020016638e+02
-9.180324686974488486e+02
-9.139766717702325423e+02
-9.089443875584742045e+02
-9.081903771857878382e+02
-9.139009250715863573e+02
-9.125183553814188144e+02
-9.209561608357378191e+02
-9.133346006588271848e+02
-9.163768640117472160e+02
-9.090488222804202678e+02
-9.094266383191283012e+02
-9.148956346902552923e+02
-9.187065129639290717e+02
-9.157129519921104475e+02
-9.116817920090410325e+02
-9.125513342570413897e+02
-9.130564321701374411e+02
-9.176111159393775552e+02
-9.205586215533274981e+02
-9.135337170008917838e+02
-9.129091166354884308e+02
-9.140599690636918240e+02
-9.171015010181420166e+02
-9.072692577110929051e+02
-9.167476256881194558e+02
-9.131053832862198760e+02
-9.135589670678300536e+02
-9.100670997994191112e+02
-9.124363167369741632e+02
-9.138953367673236698e+02
-9.110082687802610053e+02
-9.218270620445413215e+02
-9.161806476952199318e+02
-9.054432551956535917e+02
-9.130144577362091241e+02
-9.161351612779805009e+02
-9.146865030622763015e+02
-9.091181525120002789e+02
-9.157542209708580003e+02
-9.146189719665021585e+02
-9.126454766099393510e+02
-9.147888978030155158e+02
-9.155061789990249963e+02
-9.141479672783668775e+02
-9.205556547768812834e+02
-9.118260848217393004e+02
-9.154159920796530514e+02
-9.149574254885530991e+02
-9.115052473861659337e+02
-9.096755374405584007e+02
-9.078859270560247978e+02
-9.142321669322168418e+02
-9.139878510494576176e+02
-9.157036720561711718e+02
-9.133762123087531108e+02
-9.152193299635021049e+02
-9.155309362369255268e+02
-9.127654897825764237e+02
-9.171115267088615610e+02
-9.181798443032859041e+02
-9.137258853056374619e+02
-9.149735097486380937e+02
-9.148084416116518014e+02
-9.141902240946141092e+02
-9.185908120887421546e+02
-9.082391231473253583e+02
-9.186578470960082541e+02
-9.127584238385995832e+02
-9.098348253675819706e+02
-9.149907724974686971e+02
-9.147615298661702354e+02
-9.191312600689589090e+02
-9.147038752187653472e+02
-9.117502265572743454e+02
-9.090573656690428379e+02
-9.147114816749076454e+02
-9.055310382283024637e+02
-9.082527142707605208e+02
-9.139796201361720023e+02
-9.133403258174110988e+02
-9.153688848517837187e+02
-9.162202515207694660e+02
-9.179645314945977361e+02
-9.140218533471738738e+02
-9.116015105900481785e+02
-9.157106544586451946e+02
-9.156379219016707793e+02
-9.157154750110898931e+02
-9.164468937352410194e+02
-9.115030428171610311e+02
-9.147078907034760960e+02
-9.163858489091264801e+02
-9.199864240540722449e+02
-9.113216339414407230e+02
-9.125596942978131665e+02
-9.151867204815225705e+02
-9.088631279378704448e+02
-9.169654358703996877e+02
-9.045902941016001932e+02
-9.094492960832498056e+02
-9.134632280483732529e+02
-9.101727463106353753e+02
-9.170090571277690970e+02
-9.164937471546550114e+02
-9.150377914331188549e+02
-9.153101742892907851e+02
-9.114234985994729641e+02
-9.062883292987775121e+02
-9.256165073063925774e+02
-9.127829616479382366e+02
-9.171926820895992023e+02
-9.149398474390952742e+02
-9.128410668591304784e+02
-9.130370278444329415e+02
-9.156257390481497396e+02
-9.179290912308097177e+02
-9.121450922350248902e+02
-9.104284868168321054e+02
-9.107274908334154588e+02
-9.091203135114241149e+02
-9.068369270584772721e+02
-9.112074545534213712e+02
-9.051515050389567705e+02
-9.199367672193421868e+02
-9.173085743163758252e+02
-9.123498330178714468e+02
-9.087397195847228204e+02
-9.085046932093339365e+02
-9.124791456689900997e+02
-9.150941726913057437e+02
-9.152462151861308257e+02
-9.205013711981379174e+02
-9.138748481649512314e+02
-9.123906613666598560e+02
-9.024263908826453644e+02
-9.153794834371674369e+02
-9.135938105994845273e+02
-9.126333529335295225e+02
-9.163349100298288477e+02
-9.139154415223348451e+02
-9.090982019036766815e+02
-9.087307333200332096e+02
-9.140483498421639297e+02
-9.122206931080769436e+02
-9.150540628580852172e+02
-9.100480320995937973e+02
-9.085723211923111649e+02
-9.086789882283138695e+02
-9.143108693061142276e+02
-9.103421992038370263e+02
-9.138735153472624688e+02
-9.108051484175837231e+02
-9.126191609795165505e+02
-9.091145998827603307e+02
-9.075143537656548460e+02
-9.152933128814569272e+02
-9.114621533656116981e+02
-9.193721762923740926e+02
-9.130123302457915315e+02
-9.097589888385076620e+02
-9.144976529140392358e+02
-9.166595118748899722e+02
-9.210751849843112495e+02
-9.092013963843971851e+02
-9.163676672491415047e+02
-9.091230503499840552e+02
-9.115108853103855608e+02
-9.099266808338900319e+02
-9.091284528717914100e+02
-9.140961856845308375e+02
-9.157542809383351141e+02
-9.135703664510049293e+02
-9.177185506162998081e+02
-9.116833852718142452e+02
-9.104976035601986268e+02
-9.137144693419261330e+02
-9.109719180783524735e+02
-9.077114457550645739e+02
-9.119706012243270834e+02
-9.190548577265399217e+02
-9.066446827319159638e+02
-9.164948968632998003e+02
-9.120133859746250664e+02
-9.200793029352194026e+02
-9.118418010691578957e+02
-9.101372263859171881e+02
-9.115359689804620302e+02
-9.105901076371397949e+02
-9.130840413474707020e+02
-9.110392950799036953e+02
-9.112843709984008456e+02
-9.150635662754218629e+02
-9.127919582663324718e+02
-9.136022699369323163e+02
-9.131377716551767207e+02
-9.168457445981151750e+02
-9.146495905376235669e+02
-9.151480040196480559e+02
-9.147978413558744251e+02
-9.207626835370567733e+02
-9.165598658852563858e+02
-9.139057071251880870e+02
-9.171601853139706009e+02
-9.068160258486750536e+02
-9.068809505228380203e+02
-9.137778712790322970e+02
-9.098800012189316249e+02
-9.119959783126479351e+02
-9.113779638840952657e+02
-9.123750621189110461e+02
-9.187179202624272421e+02
-9.111377021873170179e+02
-9.099045044854643720e+02
-9.121632031507718921e+02
-9.104489998110882425e+02
-9.103378611939434677e+02
-9.098214213649758904e+02
-9.093469755950861781e+02
-9.113683777224235882e+02
-9.111637347061987384e+02
-9.092901112632258673e+02
-9.031028545009024810e+02
-9.155974622435853689e+02
-9.152020978309600423e+02
-9.176229288188180817e+02
-9.137785140953202472e+02
-9.136568845841527491e+02
-9.120969246416314036e+02
-9.145758138289285171e+02
-9.128270212841824787e+02
-9.131914781523847751e+02
-9.183000498952435464e+02
-9.159321749461984155e+02
-9.063542164485670583e+02
-9.155381453778293235e+02
-9.123736300201884433e+02
-9.105052748904702185e+02
-9.189118677334975018e+02
-9.134034810615578408e+02
-9.163532721111674846e+02
-9.155337937465491223e+02
-9.238004056627577256e+02
-9.147499676209415611e+02
-9.118750183037467423e+02
-9.093244435757230804e+02
-9.108256851217931853e+02
-9.102006147520407922e+02
-9.154652584456723616e+02
-9.118818795927597876e+02
-9.100313948613364801e+02
-9.136571598978368911e+02
-9.144976652557251100e+02
-9.172667662597673370e+02
-9.167035306906894903e+02
-9.137289051775206872e+02
-9.145974806556438352e+02
-9.153027932681808352e+02
-9.150336480577477687e+02
-9.129043260207419053e+02
-9.156823756276979793e+02
-9.220838980103014819e+02
-9.118810413178861154e+02
-9.195727835060235975e+02
-9.188623149349974710e+02
-9.072555846428333552e+02
-9.107489400519043556e+02
-9.086063298030013584e+02
-9.105994073763658889e+02
-9.136527492512833533e+02
-9.176779834463773113e+02
-9.155848381533713791e+02
-9.104874202933475544e+02
-9.120611624761581879e+02
-9.144669421528776638e+02
-9.156225397709384879e+02
-9.116023751045888730e+02
-9.123098497712992412e+02
-9.100718731031472544e+02
-9.174711444446512587e+02
-9.125020828750128885e+02
-9.054112335354340075e+02
-9.170626601243737923e+02
-9.166569166868401908e+02
-9.099851745732337349e+02
-9.106149703305123921e+02
-9.127256674358167174e+02
-9.172058176463131076e+02
-9.169661003424557748e+02
-9.147568873364007231e+02
-9.112099303633996215e+02
-9.134461508838013515e+02
-9.109314032886369432e+02
-9.095652881615469596e+02
-9.129938819477143852e+02
-9.176138376245771724e+02
-9.094113060219181079e+02
-9.155791633579137851e+02
-9.149890871012173648e+02
-9.143522704870422331e+02
-9.045124396784981400e+02
-9.174845360372431742e+02
-9.132251832684662531e+02
-9.126358827734352417e+02
-9.157956075477794684e+02
-9.154738472075671325e+02
-9.187065012157260071e+02
-9.159364382586239799e+02
-9.054209158487942659e+02
-9.162920688717991879e+02
-9.139612886340464684e+02
-9.101659787861259474e+02
-9.106357073809057283e+02
-9.123725893267800302e+02
-9.088461817428915310e+02
-9.106632073605961750e+02
-9.194603862049481222e+02
-9.175678360423979711e+02
-9.073755821815235549e+02
-9.169481967178863897e+02
-9.120257607866042235e+02
-9.053335925686064911e+02
-9.129347842318082940e+02
-9.075663659055052221e+02
-9.153581624624762298e+02
-9.143648579474717053e+02
-9.179842876915126908e+02
-9.089275866792844454e+02
-9.146742577532475025e+02
-9.087471959953040823e+02
-9.118016385832268043e+02
-9.140711318047964369e+02
-9.185859939791853321e+02
-9.082110183058067605e+02
-9.136831613936099075e+02
-9.076043909099950042e+02
-9.116475746304918175e+02
-9.183721365631741946e+02
-9.161458469180754491e+02
-9.044112271312880011e+02
-9.118006353799174803e+02
-9.174659347300244008e+02
-9.169038889258818017e+02
-9.168414235084940174e+02
-9.098502590638794345e+02
-9.174159736975507258e+02
-9.171401038989477001e+02
-9.107588911420393742e+02
-9.103081934331084994e+02
-9.081054213625975535e+02
-9.125507432751119268e+02
-9.153315967887070883e+02
-9.076622150655568930e+02
-9.073443427053591677e+02
-9.180081468775107396e+02
-9.116671192006899673e+02
-9.188509626198764408e+02
-9.038359535466138368e+02
-9.038000615201481196e+02
-9.185069544366573382e+02
-9.068625077922938544e+02
-9.176371144609979638e+02
-9.167811059634910862e+02
-9.157619047954252665e+02
-9.068954782464824120e+02
-9.193835537952905952e+02
-9.103636473682365704e+02
-9.165132067146349755e+02
-9.096105301383472579e+02
-9.107732071700728511e+02
-9.140543120960105625e+02
-9.092548584174725192e+02
-9.092501650132447821e+02
-9.144735008095099147e+02
-9.177708501013670457e+02
-9.072466491006871365e+02
-9.087268470399967555e+02
-9.131479745421802363e+02
-9.187198730655992449e+02
-9.109818382132041279e+02
-9.120579559925516833e+02
-9.139135609322543132e+02
-9.159571778236055479e+02
-9.137198446447096103e+02
-9.134258266271441471e+02
-9.133930770676421389e+02
-9.132984167340205204e+02
-9.161908532672919137e+02
-9.111298192649556995e+02
-9.172685530363398811e+02
-9.135557455945172478e+02
-9.116442468501023768e+02
-9.137612144736084474e+02
-9.140525533197551340e+02
-9.131367806631510575e+02
-9.204406658944976698e+02
-9.147969349002157742e+02
-9.140834592594952710e+02
-9.078957506268670841e+02
-9.138194317880106610e+02
-9.103072475560222756e+02
-9.155206677582272050e+02
-9.077309373851807095e+02
-9.073461722962272233e+02
-9.123516006226376476e+02
-9.155962840342297113e+02
-9.133018938468741226e+02
-9.171238259970303943e+02
-9.128758514115828575e+02
-9.181760343879673201e+02
-9.182096540824296653e+02
-9.167285043425746380e+02
-9.125314498938198540e+02
-9.201804095199995572e+02
-9.210786204178729122e+02
-9.109305268109545750e+02
-9.085668683753452797e+02
-9.140890541624108891e+02
-9.142008823163081388e+02
-9.188068842285990740e+02
-9.113544970509052519e+02
-9.196223882694480380e+02
-9.114443353131514414e+02
-9.131815821001328004e+02
-9.114878094123407664e+02
-9.130734708486447744e+02
-9.161159351062766518e+02
-9.109192962849732567e+02
-9.171088198896027279e+02
-9.122589912919579547e+02
-9.137594272881048028e+02
-9.108880367454036104e+02
-9.146345791443702637e+02
-9.175965476852239817e+02
-9.112550280477613569e+02
-9.103428284510468984e+02
-9.133576911237562399e+02
-9.149454965106023110e+02
-9.128862139242619378e+02
-9.092322272333983619e+02
-9.143713794687633936e+02
-9.150936967373716016e+02
-9.114670929447852359e+02
-9.129298116096723561e+02
-9.186152066103971947e+02
-9.060146521478875457e+02
-9.160093882857526069e+02
-9.128939427636018991e+02
-9.109490593909786185e+02
-9.197184822540608593e+02
-9.111186456752044478e+02
-9.078843798255899173e+02
-9.201341625171943406e+02
-9.122874079262190889e+02
-9.095609908984434924e+02
-9.107427588970859915e+02
-9.097588225258427883e+02
-9.179799266368916051e+02
-9.106816447081662318e+02
-9.112034217427442400e+02
-9.071750615600373067e+02
-9.168130967903525743e+02
-9.147834476560103667e+02
-9.133974004329253376e+02
-9.055519017725690674e+02
-9.103109086756981014e+02
-9.181941447399326535e+02
-9.048686944218934514e+02
-9.092461752537741404e+02
-9.120187847666812786e+02
-9.123509414018845973e+02
-9.172777394252763088e+02
-9.125172266373643879e+02
-9.119314506628937806e+02
-9.122051665294691247e+02
-9.104362572200946033e+02
-9.135124143992723020e+02
-9.152147799851576337e+02
-9.095490745508577675e+02
-9.137942519658759011e+02
-9.160475168309017135e+02
-9.046549328916180457e+02
-9.178468560543161630e+02
-9.130356322912253972e+02
-9.141837849327971526e+02
-9.100257220026040841e+02
-9.207430107854922881e+02
-9.088189246230710978e+02
-9.090764138331799131e+02
-9.123838734707971980e+02
-9.146393124980581888e+02
-9.126950509387702368e+02
-9.131522777198205176e+02
-9.141842487386436460e+02
-9.104172600315041564e+02
-9.144016198707067815e+02
-9.152153870905254962e+02
-9.064291428455642290e+02
-9.168171584998409571e+02
-9.066810501476049922e+02
-9.173111147392241946e+02
-9.138652059494345394e+02
-9.123986786549559156e+02
-9.149819213858635294e+02
-9.103608795318258444e+02
-9.113576701076366362e+02
-9.169226430030957999e+02
-9.165348776577575336e+02
-9.121534473243771117e+02
-9.139957364006946818e+02
-9.038844271497417822e+02
-9.133035746871557876e+02
-9.137320200302416424e+02
-9.146405133836914274e+02
-9.155692172253686749e+02
-9.171263356669649056e+02
-9.067622578920364731e+02
-9.119874945574991898e+02
-9.086993129369894859e+02
-9.114960770974246316e+02
-9.175945917769474818e+02
-9.156169130228294080e+02
-9.151477026837125095e+02
-9.118829135010823848e+02
-9.085332706523538491e+02
-9.171438288605422713e+02
-9.128456450254468564e+02
-9.225305790020238419e+02
-9.207949382691036817e+02
-9.190655381949878802e+02
-9.123159559609513281e+02
-9.126238813342281446e+02
-9.103924482844463455e+02
-9.080671559773488752e+02
-9.120967955562664429e+02
-9.130537582879471756e+02
-9.100970683268523089e+02
-9.053331750687572139e+02
-9.113382125284201720e+02
-9.130142826456690273e+02
-9.120655066642018483e+02
-9.160789999391450920e+02
-9.153389080315608908e+02
-9.159630119540057649e+02
-9.124520120671126051e+02
-9.148122315430972549e+02
-9.088502782393626376e+02
-9.111368643665823583e+02
-9.112588778951894710e+02
-9.107656127929910781e+02
-9.098062406452471578e+02
-9.090886722052932782e+02
-9.138245073067876092e+02
-9.071998409017072618e+02
-9.113991841277032790e+02
-9.120615607547606487e+02
-9.082492790393902169e+02
-9.178458687325065739e+02
-9.133327259133645839e+02
-9.159833564400699970e+02
-9.098420926789584655e+02
-9.108559141385126168e+02
-9.092807593420923240e+02
-9.117693454976553085e+02
-9.185890388819615282e+02
-9.088785097191503155e+02
-9.157114173325163620e+02
-9.171045812634835102e+02
-9.173438907394975104e+02
-9.136975845336110069e+02
-9.176976212888890814e+02
-9.155636402393784010e+02
-9.145235094040808690e+02
-9.216028626412689846e+02
-9.145688621483966472e+02
-9.130670173365022038e+02
-9.179740512955945633e+02
-9.123211230331220349e+02
-9.136513540459872047e+02
-9.209812394119846886e+02
-9.194734375615718136e+02
-9.149081322989048886e+02
-9.079443601193750055e+02
-9.187490104175628858e+02
-9.093463770118827370e+02
-9.186291928846882229e+02
-9.153690051002470227e+02
-9.036552963880257039e+02
-9.146956361063139411e+02
-9.123955697586675342e+02
-9.099871165542664357e+02
-9.119143822512633051e+02
-9.109559535538394357e+02
-9.104168676215800815e+02
-9.187811069618414876e+02
-9.057772614464921617e+02
-9.136047402119977505e+02
-9.157570295280288519e+02
-9.095026677844821279e+02
-9.103129262064647946e+02
-9.103484373069978801e+02
-9.098060071627231764e+02
-9.159728698807257388e+02
-9.131276028702069425e+02
-9.087184941682735371e+02
-9.105223420880716958e+02
-9.093307220773790505e+02
-9.100924350303528172e+02
-9.118074416910030777e+02
-9.138939033188630674e+02
-9.114226709688497294e+02
-9.217378902239919398e+02
-9.130540049560659099e+02
-9.182747982635657991e+02
-9.095824515299547102e+02
-9.177937600103819022e+02
-9.160679200252525334e+02
-9.120804267970773935e+02
-9.121679656211501879e+02
-9.085951007613891761e+02
-9.127312037909168794e+02
-9.133433061515453346e+02
-9.112345317838949086e+02
-9.085104696131909350e+02
-9.132727155954644331e+02
-9.062003180738884112e+02
-9.113302799894951249e+02
-9.156596667110032968e+02
-9.157849613960038369e+02
-9.152724299099063501e+02
-9.069420066662110003e+02
-9.161313996389807244e+02
-9.065032070206056005e+02
-9.113793088126428756e+02
-9.114128489370416446e+02
-9.154581563931586743e+02
-9.161645386559823692e+02
-9.127087476866956877e+02
-9.098282362394077154e+02
-9.129430922918526221e+02
-9.124533040300439097e+02
-9.107937704455371204e+02
-9.171659444128431460e+02
-9.174258373225144396e+02
-9.070203062812545340e+02
-9.098139468395627318e+02
-9.133073769250975147e+02
-9.110334907157326825e+02
-9.126671102761474685e+02
-9.146467717991594100e+02
-9.116908837174963764e+02
-9.120535639796938767e+02
-9.128612257958576492e+02
-9.106652578399994127e+02
-9.113515409807544074e+02
-9.130100155433742657e+02
-9.097319252522048600e+02
-9.096165331732429422e+02
-9.092209833166937187e+02
-9.174116451390287921e+02
-9.090763063218533944e+02
-9.127229190288701375e+02
-9.075631996483027706e+02
-9.071755634473552163e+02
-9.090605432791022622e+02
-9.072082418681112586e+02
-9.066423480366355534e+02
-9.151647302933178025e+02
-9.112010630778542009e+02
-9.120324490567819566e+02
-9.133119818316264400e+02
-9.114449043448371413e+02
-9.155351543755472221e+02
-9.137573537675103807e+02
-9.134826061502793664e+02
-9.084553062687504053e+02
-9.121223574689269071e+02
-9.082130026031148873e+02
-9.159069008307606055e+02
-9.132913149866247977e+02
-9.159205813308616371e+02
-9.108071529695804429e+02
-9.099874892223513143e+02
-9.139818934815575631e+02
-9.135533543794238085e+02
-9.155797049558356093e+02
-9.090261176517250306e+02
-9.110424653828696364e+02
-9.172550758842672849e+02
-9.127661167838816709e+02
-9.125381712724458794e+02
-9.139044747694590569e+02
-9.078386917175902227e+02
-9.093883777700925748e+02
-9.112880848260452922e+02
-9.104586253614497764e+02
-9.075740546681220167e+02
-9.147348702570222940e+02
-9.074865819141574548e+02
-9.088927791170274304e+02
-9.142697638673192841e+02
-9.200827658766967261e+02
-9.172527737694930465e+02
-9.141369586141320269e+02
-9.081676418445349555e+02
-9.146992836914604368e+02
-9.136368191876150604e+02
-9.116951888993410194e+02
-9.102320435546680528e+02
-9.141123106747352267e+02
-9.117309219294261311e+02
-9.153213360260144782e+02
-9.148135918992281859e+02
-9.037495578092638198e+02
-9.142824524590977262e+02
-9.133256792011299012e+02
-9.123100579106683199e+02
-9.149817195820859297e+02
-9.139211617540672705e+02
-9.093041321748185055e+02
-9.146544432124637751e+02
-9.155875577114528596e+02
-9.162693964289418318e+02
-9.124239193540984161e+02
-9.189988196796168722e+02
-9.131881814366458912e+02
-9.165634882648888606e+02
-9.110660498674044447e+02
-9.142954897287061158e+02
-9.128321386030013400e+02
-9.114062920916727535e+02
-9.201790500548298724e+02
-9.126245588975746159e+02
-9.184910273362996804e+02
-9.099532659644638670e+02
-9.160711563491569223e+02
-9.100254993460350761e+02
-9.123613405638706126e+02
-9.156358473593661529e+02
-9.124540984195620013e+02
-9.120820250646405611e+02
-9.145016230146903808e+02
-9.190798467890016354e+02
-9.125872623970320774e+02
-9.162023158516955164e+02
-9.131129980439051224e+02
-9.171128413306348648e+02
-9.188429497307564588e+02
-9.131365620236618952e+02
-9.156250683989086383e+02
-9.150812935143571849e+02
-9.129463569095141793e+02
-9.111306083839738221e+02
-9.128514954066521341e+02
-9.195585759273412805e+02
-9.076019268444428008e+02
-9.089502211660492321e+02
-9.144963053826323858e+02
-9.107706925182208124e+02
-9.109007177355007343e+02
-9.155136063266912743e+02
-9.081340911615677669e+02
-9.123531315305065164e+02
-9.110970626002618928e+02
-9.110067763757463126e+02
-9.194185124796582613e+02
-9.155781609691931635e+02
-9.148250857392840771e+02
-9.122473108749798030e+02
-9.150385825876971921e+02
-9.132539283304774926e+02
-9.106989794674784662e+02
-9.089366467207387359e+02
-9.156445386412665357e+02
-9.120261173012828522e+02
-9.189697541073873026e+02
-9.127095312760528714e+02
-9.119590934899067634e+02
-9.157502209874099890e+02
-9.141270219215582529e+02
-9.167073487324778398e+02
-9.131227306703460727e+02
-9.213869322698034239e+02
-9.142771363043990505e+02
-9.131962936459767661e+02
-9.091149783252049019e+02
-9.130818730796985392e+02
-9.177412143064805150e+02
-9.088218987906935808e+02
-9.135955114635221435e+02
-9.145652222090013765e+02
-9.134393297414459312e+02
-9.091201852569005268e+02
-9.134024937328688338e+02
-9.193524957263086890e+02
-9.138047211165446697e+02
-9.145195711520366331e+02
-9.161097524101282943e+02
-9.099271170967438138e+02
-9.187923533608749267e+02
-9.054692729550071135e+02
-9.084842338554580010e+02
-9.134803847659629810e+02
-9.154652321097297545e+02
-9.143846468322828969e+02
-9.173298675946836056e+02
-9.117178959221025707e+02
-9.203007954016959502e+02
-9.143569458044729572e+02
-9.098166753614850677e+02
-9.110741463795072832e+02
-9.136601571192936717e+02
-9.126113305437181680e+02
-9.158878304881948225e+02
-9.122698311764788741e+02
-9.121666154729259688e+02
-9.148024054770608018e+02
-9.123413382437315704e+02
-9.126739746472126171e+02
-9.133818343580921919e+02
-9.178388438691930560e+02
-9.141926514008580398e+02
-9.169680539735209095e+02
-9.098901987510212166e+02
-9.114461368330129289e+02
-9.119760866314256873e+02
-9.152712952608587784e+02
-9.186121965783995620e+02
-9.121046607641633273e+02
-9.143332732775706972e+02
-9.197234661297768525e+02
-9.100474337629639194e+02
-9.146816735536489205e+02
-9.105980855681893900e+02
-9.151950149709114157e+02
-9.175058598263559588e+02
-9.131023816482163511e+02
-9.109865065651309806e+02
-9.109097366933133344e+02
-9.125689172267183267e+02
-9.125755015682475459e+02
-9.103953932574020200e+02
-9.086288056088228586e+02
-9.156472084815908374e+02
-9.145195402554529664e+02
-9.144670496384147782e+02
-9.119967666129547297e+02
-9.133304629154063150e+02
-9.143729728297108750e+02
-9.102330111705887248e+02
-9.093622770673021023e+02
-9.160977166793809374e+02
-9.152842049799540973e+02
-9.094817295512192459e+02
-9.191388436735661571e+02
-9.105101060820619523e+02
-9.133966926804251898e+02
-9.090355401761220264e+02
-9.130523888057000477e+02
-9.115459082777169897e+02
-9.135551275702524663e+02
-9.132765050802028099e+02
-9.121807422369914775e+02
-9.142148944773518906e+02
-9.151898157160870824e+02
-9.109418165127289058e+02
-9.140530030223053473e+02
-9.181112401108138101e+02
-9.124621085750718521e+02
-9.100100874310936661e+02
-9.128433325688079094e+02
-9.149893857563055235e+02
-9.114483199652255507e+02
-9.139212286975955521e+02
-9.126436320164386871e+02
-9.147237048211544561e+02
-9.090527338053443600e+02
-9.165249836462199937e+02
-9.094905243095372498e+02
-9.163954683272501143e+02
-9.132340490227541068e+02
-9.116775961858190840e+02
-9.180885227435613842e+02
-9.140306140879586110e+02
-9.140749061694085640e+02
-9.135888790338539138e+02
-9.135285430206668025e+02
-9.113719993067102223e+02
-9.148868554599406480e+02
-9.139798365988267506e+02
-9.109209592502630812e+02
-9.142787811955097368e+02
-9.108718285565023507e+02
-9.114266218277155076e+02
-9.090365546635894134e+02
-9.046844464769545766e+02
-9.106908075015601298e+02
-9.160769057030804561e+02
-9.157234352630073317e+02
-9.191776630691144874e+02
-9.102960615363754187e+02
-9.097091288970182177e+02
-9.124201883761804766e+02
-9.182905164205892561e+02
-9.119973557662498251e+02
-9.086976780582982656e+02
-9.145254429884168985e+02
-9.174649442729327120e+02
-9.152398365896996211e+02
-9.108726937934965235e+02
-9.191014216581183973e+02
-9.096582426364064986e+02
-9.107158529737721437e+02
-9.176359808366355537e+02
-9.104401569756014396e+02
-9.147319819587862639e+02
-9.092242900108387857e+02
-9.140747993064162529e+02
-9.121156944046424542e+02
-9.122817007174996888e+02
-9.163336786385120831e+02
-9.045520852175624213e+02
-9.143315907452227975e+02
-9.112942879089328017e+02
-9.087108904213098413e+02
-9.170294548148930289e+02
-9.127613605092983562e+02
-9.148802983508867328e+02
-9.135132763058663841e+02
-9.126132390926567268e+02
-9.139245251544596158e+02
-9.164682474159832282e+02
-9.188503411207036606e+02
-9.102309973874506568e+02
-9.104832381081179165e+02
-9.177379792243618795e+02
-9.138925832007159897e+02
-9.186415995619292971e+02
-9.145621568894521261e+02
-9.242875727511705009e+02
-9.108663719643340073e+02
-9.132024525590693429e+02
-9.131064959363794742e+02
-9.116282969977916082e+02
-9.159689596658344044e+02
-9.119337653723249559e+02
-9.130171753041977354e+02
-9.114582743035186922e+02
-9.130901307154439337e+02
-9.159443766791855523e+02
-9.071699931373431127e+02
-9.155564907738092870e+02
-9.101484243474479854e+02
-9.099882759178914284e+02
-9.112809631600723606e+02
-9.143574168562705609e+02
-9.128893269315245789e+02
-9.131180627544670187e+02
-9.160794509943211779e+02
-9.123620819604205963e+02
-9.204334513865019289e+02
-9.151717941811275523e+02
-9.142084585090545943e+02
-9.133227650285863319e+02
-9.131037399664489840e+02
-9.144766263543858713e+02
-9.100900275755791426e+02
-9.080736165429511857e+02
-9.116785910131667379e+02
-9.101645180852245858e+02
-9.132847427167093883e+02
-9.172696837480820022e+02
-9.160056756277743943e+02
-9.106909690796724135e+02
-9.136045404778330976e+02
-9.155642908963849322e+02
-9.132496742793895237e+02
-9.151438816519769262e+02
-9.117729462468878410e+02
-9.069580923639259709e+02
-9.045817285120715496e+02
-9.147928568857606706e+02
-9.150163945426609189e+02
-9.206375352042639406e+02
-9.125533030276984618e+02
-9.117117931051390087e+02
-9.112442167665038824e+02
-9.141090070477944209e+02
-9.159688619512272680e+02
-9.144719319244120470e+02
-9.151277250610437477e+02
-9.144223452919244437e+02
-9.115461721516068110e+02
-9.146977020191635575e+02
-9.144022950919083996e+02
-9.120086411673190696e+02
-9.138664490979828088e+02
-9.097914351157596684e+02
-9.149131357812160559e+02
-9.136481242281951154e+02
-9.105213483542928543e+02
-9.178641956559778237e+02
-9.139769355266328148e+02
-9.163646356954913017e+02
-9.076003906662238023e+02
-9.186783189007350074e+02
-9.073024274447095650e+02
-9.094586380178882337e+02
-9.178367993320775895e+02
-9.101898893998109088e+02
-9.178680940559423789e+02
-9.141066468186364773e+02
-9.155055074935972925e+02
-9.097130152039743507e+02
-9.116325149335207243e+02
-9.130111022156464742e+02
-9.161049876963842280e+02
-9.114572626567173756e+02
-9.127312842976066349e+02
-9.127441635625829122e+02
-9.097345071312863638e+02
-9.049327714716830542e+02
-9.149799991030561159e+02
-9.133133032078912947e+02
-9.145562364247545020e+02
-9.110977786340306466e+02
-9.102138068123281300e+02
-9.136779337989196392e+02
-9.158980251110838253e+02
-9.146451933302632824e+02
-9.174787118430674582e+02
-9.113867614218885365e+02
-9.157537160469681794e+02
-9.103553234662242630e+02
-9.163637411109668847e+02
-9.127386571104747190e+02
-9.184683012716618578e+02
-9.092138688049226403e+02
-9.125583846561603423e+02
-9.184581269114319184e+02
-9.111878133467594125e+02
-9.094137398408345234e+02
-9.084216788196108610e+02
-9.176003029232930430e+02
-9.158073698996363419e+02
-9.142214483700882965e+02
-9.181590307196980802e+02
-9.121652442975465647e+02
-9.175240128224897944e+02
-9.122226361642032089e+02
-9.111502852942996924e+02
-9.162790184002159322e+02
-9.091987118355656321e+02
-9.084022613599355509e+02
-9.127556287704794613e+02
-9.157356259857272107e+02
-9.105244117842071319e+02
-9.119871452448467153e+02
-9.105201041775890189e+02
-9.090238542509862327e+02
-9.189086614563833564e+02
-9.141520928352927058e+02
-9.142466288218752197e+02
-9.154759522421876454e+02
-9.114765073041564847e+02
-9.160573953029569338e+02
-9.142544775478752399e+02
-9.248891412405647543e+02
-9.186830340402789261e+02
-9.094978591341867968e+02
-9.123576187065125396e+02
-9.108659608042162290e+02
-9.082315820972762594e+02
-9.128765364397011126e+02
-9.141591892676948419e+02
-9.112036984592509725e+02
-9.124387973681226640e+02
-9.092725125118244023e+02
-9.125870554512586068e+02
-9.209316956124399667e+02
-9.120621556658520603e+02
-9.136748179927358251e+02
-9.102402701419603090e+02
-9.136778248398452433e+02
-9.158763852839142601e+02
-9.163369060162265214e+02
-9.173260095548232584e+02
-9.127563475319408326e+02
-9.148465682997053818e+02
-9.109301579643524747e+02
-9.166981640023515183e+02
-9.165347268291801583e+02
-9.180151776639077070e+02
-9.079726090810924006e+02
-9.098737003984954299e+02
-9.105469451875578670e+02
-9.175623308882179572e+02
-9.169568591897930219e+02
-9.149040632911742250e+02
-9.138485152743691060e+02
-9.182594830521826452e+02
-9.126335087772679344e+02
-9.119784424892549168e+02
-9.135551087240106654e+02
-9.185325337859532056e+02
-9.159480770987279357e+02
-9.188496536740725560e+02
-9.110268506048697645e+02
-9.089262618427545704e+02
-9.114590916628728792e+02
-9.145988913850006838e+02
-9.091042435936275297e+02
-9.115079678444448064e+02
-9.131139214693102986e+02
-9.099807200482707685e+02
-9.104100377986796957e+02
-9.113276472626630493e+02
-9.156470502026094209e+02
-9.116512647489845449e+02
-9.158749750664782141e+02
-9.122769874205487213e+02
-9.195107560248677601e+02
-9.116357203666719897e+02
-9.166926000343526084e+02
-9.146788970038227262e+02
-9.168118339855844852e+02
-9.116005362548652329e+02
-9.106521312099373517e+02
-9.110071262140883164e+02
-9.160746933768173221e+02
-9.167739236220215844e+02
-9.230162336903890719e+02
-9.155019951684555508e+02
-9.182854000413123003e+02
-9.081406321919670290e+02
-9.124523410533845436e+02
-9.134914085718936576e+02
-9.121181613706761482e+02
-9.059707042279180769e+02
-9.148576299724442151e+02
-9.131168984723481117e+02
-9.167588763870936646e+02
-9.125561276072935470e+02
-9.102435866576918215e+02
-9.197428826850227779e+02
-9.132158578053678184e+02
-9.074960675554635827e+02
-9.146320445750965291e+02
-9.148805274630144595e+02
-9.146924543784343768e+02
-9.181543399864889352e+02
-9.105952817670430477e+02
-9.122015586579312867e+02
-9.191273484800472033e+02
-9.113985887038588771e+02
-9.176881755683664323e+02
-9.175013275045398586e+02
-9.091639109744313600e+02
-9.105514695914180265e+02
-9.129031012692544209e+02
-9.103953449041536032e+02
-9.130480848271312198e+02
-9.121817745262590051e+02
-9.131010962631952452e+02
-9.094822574911285074e+02
-9.152236845319264376e+02
-9.083109725640920260e+02
-9.124336107506827602e+02
-9.145860448850719422e+02
-9.136407644041200911e+02
-9.171065204643105062e+02
-9.176691954258581063e+02
-9.152823618256194322e+02
-9.114379244331192922e+02
-9.094583212102784273e+02
-9.114100239822394087e+02
-9.085361521483453089e+02
-9.107155303002684832e+02
-9.145612291423949500e+02
-9.149700702806763957e+02
-9.153654579337600126e+02
-9.154858269764994247e+02
-9.132965658148600596e+02
-9.130424464688095441e+02
-9.149924533039669541e+02
-9.158883024111929672e+02
-9.106680449635724699e+02
-9.064557510401231184e+02
-9.124594064076372888e+02
-9.107446815367291038e+02
-9.104210221870775968e+02
-9.143804081696080175e+02
-9.154223278324896000e+02
-9.088562310046386301e+02
-9.132759254030198690e+02
-9.210806430039772295e+02
-9.201618774298982544e+02
-9.053755533117339382e+02
-9.141872277577316481e+02
-9.153930374182731384e+02
-9.145643718129454101e+02
-9.196260563541500233e+02
-9.164293710231385148e+02
-9.153871907293378172e+02
-9.161488970597542902e+02
-9.159888057529433354e+02
-9.080911664013476639e+02
-9.111960782770332798e+02
-9.090957143492601062e+02
-9.122619517616564053e+02
-9.150324069847803230e+02
-9.104077816353351409e+02
-9.156627865547766305e+02
-9.112271852440677549e+02
-9.072382593340205403e+02
-9.190674346075310268e+02
-9.125202965365368755e+02
-9.149713929008897821e+02
-9.187180932015037342e+02
-9.096609637276089870e+02
-9.212995653810647809e+02
-9.106865969567130605e+02
-9.145515631864311672e+02
-9.166585871830399128e+02
-9.180831246304610431e+02
